,code,name,times_4,net40,net41
0,000971,高升控股,-0.57,-19547.69,11104.25
1,002264,新 华 都,1.42,3842.85,5438.36
2,600477,杭萧钢构,21.24,2112.77,44875.84
3,000711,京蓝科技,-0.4,-3031.19,1198.89
4,002321,华英农业,6.52,1403.41,9147.05
5,600230,沧州大化,3.63,10225.53,37106.39
6,000049,德赛电池,12.74,2003.83,25530.13
7,000823,超声电子,2.29,8162.14,18722.18
8,600874,创业环保,2.61,17009.1,44316.8
9,600116,三峡水利,30.38,761.35,23130.72
10,000568,泸州老窖,5.73,33661.29,192774.35
11,600452,涪陵电力,5.59,3006.61,16794.64
12,002232,启明信息,1.08,4250.19,4571.71
13,600702,沱牌舍得,4.02,1994.12,8019.9
14,600535,天士力,5.72,20550.01,117642.49
15,000521,美菱电器,18.4,1196.57,22021.67
16,600873,梅花生物,131.63,791.4,104168.99
17,002053,云南能投,3.25,8311.72,27012.68
18,000513,丽珠集团,5.64,13914.95,78435.36
19,002302,西部建设,5.62,5629.04,31630.98
20,000803,*ST金宇,-21.02,293.24,-6163.91
21,002349,精华制药,13.98,1180.17,16502.97
22,600099,林海股份,0.17,1167.96,193.4
23,600750,江中药业,4.98,7632.36,37976.38
24,002242,九阳股份,16.1,4333.95,69772.68
25,000910,大亚圣象,3.64,14880.9,54111.82
26,000423,东阿阿胶,12.04,15385.55,185247.35
27,600332,白云山,6.63,22732.77,150803.27
28,600305,恒顺醋业,3.95,4317.81,17041.12
29,002296,辉煌科技,3.63,2343.55,8507.01
30,600516,方大炭素,6.26,1077.18,6744.89
31,000858,五 粮 液,5.8,117011.75,678453.33
32,600566,济川药业,104.55,893.55,93418.29
33,600309,万华化学,4.45,82595.88,367942.18
34,600068,葛洲坝,47.95,7081.5,339531.26
35,600755,厦门国贸,5.15,20263.19,104319.77
36,000822,山东海化,-0.42,29526.6,-12308.68
37,000905,厦门港务,1.23,16827.83,20660.79
38,600486,扬农化工,9.22,4761.82,43926.06
39,601800,中国交建,6.93,241621.0,1674307.42
40,600570,恒生电子,0.44,4191.0,1829.14
41,000586,汇源通信,2.66,113.34,301.95
42,600328,兰太实业,1.4,5966.86,8327.95
43,600518,康美药业,33.44,9988.95,334040.36
44,002040,南 京 港,2.72,3105.97,8461.13
45,600089,特变电工,10.12,21638.71,219034.82
46,000028,国药一致,16.35,7255.52,118660.19
47,600588,用友网络,1.14,17338.98,19739.17
48,600771,广誉远,9.73,1262.23,12281.01
49,002051,中工国际,14.76,8667.14,127960.73
50,002259,升达林业,2.52,2830.57,7138.27
51,600835,上海机电,3.61,40151.45,144909.1
52,000756,新华制药,5.39,2270.56,12227.15
53,000963,华东医药,17.36,8335.13,144659.17
54,600987,航民股份,8.26,6575.22,54281.05
55,000089,深圳机场,1.38,40743.6,56243.09
56,601668,中国建筑,12.39,241151.6,2987010.4
57,600532,宏达矿业,23.53,487.23,11463.12
58,000069,华侨城Ａ,11.86,58087.72,688841.79
59,002195,二三四五,31.37,2023.99,63496.56
60,002683,宏大爆破,4.1,1525.85,6263.27
61,600976,健民集团,5.63,1148.72,6465.56
62,600663,陆家嘴,4.5,58847.63,264873.6
63,000661,长春高新,92.05,526.74,48485.25
64,600867,通化东宝,53.14,1206.16,64092.34
65,000939,凯迪生态,2.9,11513.84,33352.79
66,002294,信立泰,40.78,3423.88,139641.42
67,600306,商业城,15.13,731.91,11070.98
68,600060,海信电器,14.06,12509.27,175886.9
69,000553,沙隆达Ａ,-3.24,2295.66,-7449.0
70,000856,冀东装备,7.7,300.16,2312.46
71,600176,中国巨石,11.18,13605.01,152103.51
72,002185,华天科技,6.34,6161.93,39092.07
73,600519,贵州茅台,11.12,150411.68,1671836.27
74,600966,博汇纸业,1.38,14637.66,20131.96
75,600828,茂业商业,-9.48,-5992.17,56802.79
76,600760,中航黑豹,-0.45,-6166.74,2776.52
77,600628,新世界,1.83,13788.79,25272.05
78,601880,大连港,1.15,46168.16,53101.27
79,600132,重庆啤酒,1.22,14833.16,18099.01
80,000895,双汇发展,9.65,45650.22,440505.64
81,000927,一汽夏利,0.49,32950.44,16232.7
82,000888,峨眉山Ａ,4.65,4113.15,19119.95
83,600660,福耀玻璃,5.18,60722.03,314422.73
84,600138,中青旅,5.31,9102.78,48351.53
85,002241,歌尔股份,57.73,2860.5,165149.66
86,600196,复星医药,10.83,25915.8,280583.71
87,600190,锦州港,0.53,10561.06,5550.26
88,000502,绿景控股,10.14,316.78,3211.34
89,000488,晨鸣纸业,3.42,60296.72,206398.68
90,601186,中国铁建,11.29,124015.6,1399961.0
91,000418,小天鹅Ａ,28.42,4134.51,117505.49
92,000026,飞亚达Ａ,3.78,2926.32,11066.27
93,002352,顺丰控股,398.41,1049.28,418042.62
94,600319,亚星化学,0.83,3228.62,2678.17
95,600742,一汽富维,32.25,1324.82,42726.88
96,002001,新 和 成,41.54,2894.89,120263.35
97,000417,合肥百货,5.37,5277.63,28347.66
98,002107,沃华医药,1.55,3150.27,4880.94
99,002083,孚日股份,2.99,12642.94,37816.2
100,000623,吉林敖东,4.3,38792.3,166649.14
101,600110,诺德股份,0.45,5937.62,2648.22
102,601139,深圳燃气,6.88,11225.21,77200.96
103,000738,航发控制,10.88,1920.22,20884.44
104,600335,国机汽车,267.69,229.32,61385.94
105,002032,苏 泊 尔,10.54,10221.04,107751.92
106,600970,中材国际,3.88,13185.48,51138.34
107,600557,康缘药业,5.84,6402.26,37374.1
108,600603,广汇物流,52.66,468.81,24687.11
109,600315,上海家化,2.93,7376.62,21601.67
110,600188,兖州煤业,1.18,174934.11,206458.5
111,300030,阳普医疗,3.65,834.46,3047.74
112,000836,鑫茂科技,1.8,2633.77,4744.71
113,600528,中铁工业,1.66,10111.34,16786.48
114,000625,长安汽车,15.9,64674.97,1028528.41
115,000860,顺鑫农业,4.29,9616.65,41256.88
116,600056,中国医药,13.11,7231.45,94813.73
117,600438,通威股份,6.82,15030.32,102472.44
118,002033,丽江旅游,5.2,4303.83,22382.36
119,002234,民和股份,3.71,4147.09,15378.98
120,600017,日照港,1.02,17237.53,17624.32
121,600054,黄山旅游,2.54,13868.77,35210.6
122,600435,北方导航,3.22,1331.38,4289.85
123,000759,中百集团,0.08,7831.53,646.6
124,002092,中泰化学,14.83,12430.04,184347.44
125,000726,鲁 泰Ａ,2.41,33422.54,80544.63
126,002199,东晶电子,0.71,2272.78,1619.67
127,300044,赛为智能,21.63,466.15,10081.95
128,000999,华润三九,7.26,16492.25,119784.06
129,000931,中 关 村,6.53,419.14,2735.81
130,600062,华润双鹤,4.33,16489.34,71421.09
131,002273,水晶光电,12.48,2033.3,25366.9
132,600764,中电广通,-0.09,-8068.15,726.71
133,600422,昆药集团,22.84,1783.03,40725.61
134,600685,中船防务,0.24,29361.66,7122.43
135,600022,山东钢铁,-0.69,87155.55,-59989.16
136,600211,西藏药业,64.44,307.73,19828.95
137,600079,人福医药,7.75,10747.43,83240.34
138,000581,威孚高科,18.94,8827.97,167222.43
139,000799,酒鬼酒,-0.46,-23404.23,10858.44
140,600571,信雅达,11.84,1035.16,12261.34
141,601238,广汽集团,5.31,118497.19,628821.59
142,600596,新安股份,0.24,32242.4,7755.98
143,600276,恒瑞医药,12.53,20664.78,258895.21
144,002359,齐星铁塔,-2.45,1973.35,-4841.51
145,600699,均胜电子,-5.13,-8849.23,45369.38
146,601601,中国太保,11.96,100800.0,1205700.0
147,002176,江特电机,7.38,2672.06,19729.7
148,000031,中粮地产,4.13,17442.83,72015.39
149,000922,*ST佳电,10.76,-4057.78,-43666.84
150,601607,上海医药,46.52,6871.04,319639.46
151,000811,烟台冰轮,7.61,3953.82,30088.55
152,000676,智度股份,10.42,3034.25,31611.38
153,601179,中国西电,3.42,32988.38,112789.08
154,000338,潍柴动力,3.57,68436.98,244118.86
155,000584,友利控股,-62.86,650.79,-40911.48
156,300052,中青宝,-11.65,426.95,-4972.93
157,002085,万丰奥威,16.92,5661.61,95796.14
158,000637,茂化实华,0.51,12092.5,6140.64
159,002028,思源电气,2.45,14328.4,35142.51
160,002013,中航机电,40.78,1430.13,58314.09
161,002229,鸿博股份,0.25,4993.76,1268.01
162,600572,康恩贝,7.77,5675.86,44106.95
163,600703,三安光电,-30.78,-7039.65,216665.23
164,002594,比亚迪,5.0,101019.0,505215.4
165,601333,广深铁路,1.63,71086.85,115825.38
166,002279,久其软件,7.4,2955.9,21860.97
167,600216,浙江医药,7.43,6061.86,45010.2
168,002307,北新路桥,1.58,2540.26,4015.22
169,600858,银座股份,0.37,6013.38,2207.58
170,000559,万向钱潮,4.79,17399.32,83380.66
171,601588,北辰实业,1.79,33517.36,60058.54
172,600879,航天电子,2.23,21434.46,47837.31
173,002136,安 纳 达,2.02,2106.94,4251.11
174,000622,*ST恒立,4.73,1014.46,4799.91
175,600757,长江传媒,-1.02,-57849.47,59217.13
176,000503,海虹控股,1.03,2718.66,2802.12
177,002262,恩华药业,18.24,1698.31,30974.3
178,600130,波导股份,1.01,3058.48,3080.75
179,002235,安妮股份,0.56,2077.73,1165.95
180,600620,天宸股份,3.87,1553.67,6018.52
181,002003,伟星股份,4.52,6542.93,29547.54
182,002318,久立特材,3.56,4717.32,16776.67
183,600585,海螺水泥,5.97,142793.06,852991.68
184,601618,中国中冶,4.11,130772.77,537585.8
185,600353,旭光股份,3.56,1224.72,4357.53
186,002034,美 欣 达,0.93,2170.15,2019.79
187,600383,金地集团,14.15,44528.56,630046.07
188,600525,长园集团,6.33,10111.73,64005.76
189,600012,皖通高速,1.25,74930.25,93325.76
190,000792,盐湖股份,0.42,81192.92,34126.47
191,000666,经纬纺机,2.97,18363.07,54455.25
192,002058,威 尔 泰,0.67,780.18,524.34
193,000151,中成股份,2.09,4831.27,10087.99
194,600320,振华重工,0.13,160247.21,21241.99
195,000703,恒逸石化,357.01,232.58,83033.74
196,000035,中国天楹,9.87,2144.16,21172.45
197,600633,浙数文化,150.99,405.08,61163.22
198,600693,东百集团,2.33,4338.15,10104.67
199,002148,北纬通信,2.5,3149.87,7883.05
200,601901,方正证券,10.19,25218.06,256933.69
201,600189,吉林森工,0.18,6558.32,1171.52
202,300015,爱尔眼科,38.2,1459.15,55746.72
203,000565,渝三峡Ａ,34.96,639.28,22348.12
204,000603,盛达矿业,15.58,1297.18,20209.71
205,600668,尖峰集团,-3.77,-7564.86,28522.95
206,002020,京新药业,20.2,1049.12,21194.63
207,600753,东方银星,1.16,225.31,262.29
208,600338,西藏珠峰,604.27,107.61,65025.7
209,601390,中国中铁,7.6,164628.2,1250916.5
210,002214,大立科技,1.44,2299.0,3310.87
211,600377,宁沪高速,2.97,112778.14,334606.39
212,002218,拓日新能,1.9,6770.64,12871.21
213,000598,兴蓉环境,86.25,1013.53,87421.51
214,000591,太阳能,38.69,1688.39,65324.93
215,000928,中钢国际,76.31,671.45,51241.29
216,601318,中国平安,10.42,598596.2,6239400.0
217,002230,科大讯飞,13.78,3514.88,48443.04
218,600816,安信信托,-49.59,-6117.56,303394.74
219,600678,四川金顶,-1.21,2333.69,-2824.68
220,000333,美的集团,22.88,64178.1,1468435.7
221,002186,全 聚 德,2.46,5666.04,13958.98
222,600141,兴发集团,2.43,4193.48,10201.76
223,002289,*ST宇顺,1.83,1634.66,2985.5
224,600455,博通股份,-1.44,695.02,-999.03
225,600279,重庆港九,2.31,3399.97,7846.04
226,600992,贵绳股份,0.46,4524.82,2103.52
227,000068,华控赛格,0.21,4685.48,997.52
228,600665,天地源,3.23,7133.2,23032.81
229,600860,*ST京城,1.69,-8789.48,-14878.76
230,002206,海 利 得,3.53,7224.89,25510.96
231,600597,光明乳业,3.68,15284.01,56318.54
232,300049,福瑞股份,5.35,2260.87,12104.79
233,600310,桂东电力,2.28,9187.5,20940.02
234,600768,宁波富邦,2.15,850.24,1831.38
235,600300,维维股份,0.99,7072.96,7012.53
236,300024,机器人,19.7,2085.2,41077.36
237,002178,延华智能,1.92,2316.51,4446.38
238,600184,光电股份,4.8,617.35,2960.92
239,000550,江铃汽车,2.18,60361.08,131801.61
240,600511,国药股份,6.47,8461.12,54760.69
241,000829,天音控股,1.58,14118.05,22342.68
242,300036,超图软件,27.51,463.26,12745.02
243,600125,铁龙物流,1.36,17720.24,24156.11
244,002102,冠福股份,7.22,3396.56,24540.11
245,600166,福田汽车,11.9,4762.25,56682.83
246,000735,罗 牛 山,-0.92,-8649.68,7988.14
247,300059,东方财富,647.41,110.25,71376.88
248,600782,新钢股份,9.37,5367.3,50292.27
249,300039,上海凯宝,13.54,2086.68,28260.68
250,000766,通化金马,12.93,1651.01,21346.15
251,600398,海澜之家,31.95,9774.29,312264.73
252,600738,兰州民百,2.07,3015.82,6243.88
253,600070,浙江富润,11.92,844.2,10064.87
254,000547,航天发展,16.39,1488.93,24402.04
255,600118,中国卫星,7.21,5515.37,39766.43
256,002059,云南旅游,4.41,1513.78,6679.74
257,600818,中路股份,4.38,2062.93,9036.5
258,000533,万 家 乐,4.63,4896.68,22665.79
259,300247,乐金健康,6.75,1268.67,8563.45
260,000753,漳州发展,15.69,1299.62,20397.09
261,600886,国投电力,9.54,41073.68,391644.76
262,600105,永鼎股份,3.87,6469.32,25052.98
263,600206,有研新材,2.68,1787.92,4789.38
264,600539,狮头股份,-1.04,1012.29,-1047.95
265,600258,首旅酒店,2.67,7900.27,21093.85
266,000985,大庆华科,3.16,1055.08,3334.2
267,002084,海鸥卫浴,0.73,11609.18,8497.55
268,002285,世联行,10.37,7205.02,74721.52
269,000545,金浦钛业,-3.37,-3581.67,12080.38
270,000002,万 科Ａ,9.76,215463.93,2102260.63
271,600866,星湖科技,1.41,1727.68,2430.62
272,000988,华工科技,6.5,3536.65,22980.98
273,002182,云海金属,2.38,7128.37,16930.22
274,002252,上海莱士,31.81,5071.12,161315.36
275,000050,深天马Ａ,6.07,9379.56,56917.74
276,600761,安徽合力,1.6,24673.72,39568.4
277,002215,诺 普 信,-9.24,2990.41,-27624.67
278,601002,晋亿实业,0.79,9027.95,7119.05
279,600259,广晟有色,-0.44,-5990.01,2632.0
280,002358,森源电气,20.18,1637.68,33055.74
281,600731,湖南海利,1.64,862.04,1415.5
282,002132,恒星科技,1.99,5320.58,10576.31
283,600058,五矿发展,0.05,53064.05,2895.45
284,000831,*ST五稀,0.38,4917.04,1858.91
285,600739,辽宁成大,2.02,47008.21,94780.41
286,300006,莱美药业,0.82,854.32,698.11
287,002334,英威腾,3.51,1939.37,6806.73
288,601766,中国中车,21.41,52762.6,1129559.6
289,601872,招商轮船,2.09,82928.51,172996.87
290,000761,本钢板材,0.47,165135.93,78127.48
291,002187,广百股份,2.19,7207.37,15765.42
292,600820,隧道股份,13.21,12512.93,165298.73
293,000733,振华科技,8.76,2071.87,18150.27
294,002004,华邦健康,9.7,5844.6,56686.83
295,600360,华微电子,0.34,12029.28,4061.87
296,600545,新疆城建,-8.71,2616.69,-22799.4
297,600372,中航电子,-2.04,-22562.99,46041.36
298,601018,宁波港,1.43,160526.8,229892.0
299,600837,海通证券,49.6,16215.77,804333.45
300,600857,宁波中百,8.83,481.1,4249.91
301,600292,远达环保,2.7,5609.88,15157.72
302,600644,乐山电力,4.02,5263.36,21147.2
303,600018,上港集团,2.34,296322.15,693907.72
304,601211,国泰君安,7.22,136244.51,984141.67
305,601111,中国国航,2.14,319138.1,681401.5
306,600649,城投控股,3.72,56254.15,209474.29
307,002256,兆新股份,4.39,2639.71,11593.49
308,600152,维科精华,-1.84,3498.88,-6440.13
309,600048,保利地产,18.86,65877.07,1242155.11
310,600030,中信证券,4.37,237104.09,1036516.86
311,000532,华金资本,1.53,2661.94,4084.72
312,600804,鹏博士,123.55,620.48,76661.3
313,601288,农业银行,31.68,580700.0,18394100.0
314,600391,成发科技,1.08,3925.74,4255.0
315,002436,兴森科技,3.88,4965.61,19260.68
316,000560,昆百大Ａ,2.32,3414.59,7916.58
317,600756,浪潮软件,16.23,711.45,11547.89
318,000055,方大集团,87.39,798.68,69795.64
319,002315,焦点科技,10.23,1085.28,11104.59
320,600689,上海三毛,-0.79,-11694.19,9248.98
321,601788,光大证券,3.82,78783.07,301301.92
322,600415,小商品城,3.5,30322.06,106027.46
323,600200,江苏吴中,4.56,1575.67,7186.75
324,601958,金钼股份,0.02,255082.05,5389.81
325,600133,东湖高新,11.14,1306.78,14562.05
326,000609,绵石投资,4.17,3194.29,13311.34
327,000833,贵糖股份,2.02,1921.56,3873.81
328,600973,宝胜股份,2.55,10429.74,26566.91
329,300498,温氏股份,15.06,78293.77,1178987.93
330,600175,美都能源,8.77,1701.25,14912.9
331,600861,北京城乡,1.58,5618.8,8872.59
332,002048,宁波华翔,7.29,9789.72,71388.56
333,000404,华意压缩,36.0,700.72,25229.08
334,600298,安琪酵母,7.0,7646.39,53509.2
335,600170,上海建工,8.27,25350.03,209550.12
336,600168,武汉控股,5.19,5796.46,30067.65
337,600727,鲁北化工,24.22,124.51,3015.84
338,000717,韶钢松山,0.24,41672.77,10142.73
339,002125,湘潭电化,1.33,1670.53,2224.07
340,600226,升华拜克,3.57,6592.21,23561.06
341,000060,中金岭南,0.28,113458.24,32322.88
342,600269,赣粤高速,1.26,82363.94,103748.4
343,300271,华宇软件,12.57,2161.43,27169.42
344,300019,硅宝科技,6.89,1316.34,9064.42
345,600308,华泰股份,0.46,39878.14,18203.49
346,600595,中孚实业,0.33,17750.41,5799.92
347,600780,通宝能源,0.75,13583.89,10198.49
348,002063,远光软件,3.41,3851.97,13137.43
349,002332,仙琚制药,2.95,4952.97,14618.69
350,000400,许继电气,6.79,12794.47,86892.5
351,000926,福星股份,2.25,25819.27,58105.62
352,600705,中航资本,-1.8,-129228.58,232414.49
353,600614,鹏起科技,9.83,932.99,9169.23
354,000610,西安旅游,1.32,811.57,1071.33
355,600006,东风汽车,0.5,43433.53,21885.45
356,300054,鼎龙股份,41.97,572.13,24010.18
357,600115,东方航空,-1.62,-277997.89,450800.0
358,600713,南京医药,9.7,1858.39,18027.18
359,600819,耀皮玻璃,9.72,2323.44,22577.46
360,000688,建新矿业,-0.44,-53344.82,23432.33
361,600748,上实发展,4.44,13340.01,59186.03
362,600029,南方航空,42.84,11800.0,505500.0
363,600836,界龙实业,-0.83,1319.31,-1098.34
364,600212,江泉实业,-1.21,-3688.67,4455.11
365,600652,游久游戏,9.6,1221.49,11732.0
366,000612,焦作万方,0.36,27572.75,9922.36
367,600650,锦江投资,0.88,26857.88,23700.51
368,000719,大地传媒,-3.08,-21831.32,67307.33
369,600178,东安动力,2.13,3681.25,7854.68
370,600182,S佳通,26.03,580.8,15115.83
371,002198,嘉应制药,2.5,2211.3,5517.2
372,600009,上海机场,1.85,151341.7,280565.07
373,600715,文投控股,24.69,2434.58,60108.64
374,600763,通策医疗,119.42,114.02,13616.47
375,600420,现代制药,9.44,5049.77,47693.37
376,601939,建设银行,5.0,4632200.0,23146000.0
377,601866,中远海发,0.55,66924.75,36859.22
378,601801,皖新传媒,6.77,15642.83,105867.11
379,601727,上海电气,0.99,208713.9,206017.0
380,601106,中国一重,-16.3,35173.95,-573401.85
381,601005,*ST重钢,-14.88,31483.7,-468595.6
382,600986,科达股份,49.29,843.53,41576.12
383,600888,新疆众和,0.52,7622.19,3928.82
384,600859,王府井,2.98,19261.19,57483.4
385,600855,航天长峰,2.63,2196.89,5774.49
386,600834,申通地铁,0.43,12086.81,5194.22
387,600823,世茂股份,17.7,11972.81,211883.28
388,600808,马钢股份,0.54,227658.59,122889.24
389,600794,保税科技,1.66,1485.54,2466.3
390,600773,西藏城投,12.83,572.17,7338.2
391,600770,综艺股份,2.3,2228.9,5123.26
392,600767,运盛医疗,-10.72,530.39,-5688.06
393,600735,新华锦,-1.83,-3049.43,5565.29
394,600733,S*ST前锋,1.63,-2049.47,-3340.21
395,600725,ST云维,24.3,6356.14,154456.34
396,600696,*ST匹凸,-98.47,466.93,-45977.59
397,600681,百川能源,-11.81,-4666.13,55117.41
398,600673,东阳光科,4.43,2474.03,10948.39
399,600671,天目药业,3.15,38.64,121.72
400,600657,信达地产,19.33,4557.22,88099.54
401,600655,豫园商城,2.78,17214.0,47884.45
402,600651,飞乐音响,10.63,3304.11,35109.21
403,600643,爱建集团,40.03,1549.98,62050.08
404,600639,浦东金桥,2.9,21250.44,61674.82
405,600634,富控互动,67.2,256.41,17231.04
406,600609,金杯汽车,-2.45,8502.14,-20841.52
407,600602,云赛智联,12.75,1864.64,23772.06
408,600598,北大荒,1.38,53451.63,73510.7
409,600590,泰豪科技,2.0,6182.93,12382.92
410,600582,天地科技,4.51,20656.2,93187.96
411,600551,时代出版,112.01,359.42,40259.03
412,600506,香梨股份,-6.43,134.18,-862.59
413,600505,西昌电力,1.16,4848.51,5603.2
414,600490,鹏欣资源,18.38,280.21,5149.29
415,600469,风神股份,6.88,1229.67,8455.14
416,600462,九有股份,-0.03,-25038.15,673.78
417,600439,瑞贝卡,1.7,10087.52,17160.66
418,600418,江淮汽车,2.82,41175.54,116196.57
419,600409,三友化工,5.48,13932.72,76286.0
420,600406,国电南瑞,13.08,11065.29,144717.65
421,600400,红豆股份,3.24,4922.79,15941.77
422,600387,海越股份,0.98,4073.75,4002.59
423,600375,华菱星马,2.49,3034.08,7554.82
424,600323,瀚蓝环境,5.97,8515.68,50856.75
425,600307,酒钢宏兴,0.19,44534.43,8242.16
426,600301,ST南化,0.11,5319.51,601.42
427,600277,亿利洁能,12.4,2084.25,25843.43
428,600255,鑫科材料,3.79,5053.91,19176.91
429,600239,云南城投,45.15,540.74,24413.94
430,600228,*ST昌九,-3.25,1141.98,-3709.08
431,600225,*ST松江,1.18,-38441.55,-45500.02
432,600173,卧龙地产,8.87,910.56,8074.36
433,600151,航天机电,1.83,10956.28,20045.26
434,600146,商赢环球,4.73,610.75,2890.86
435,600136,当代明诚,20.26,602.94,12218.42
436,600111,北方稀土,1.15,7905.86,9083.56
437,600097,开创国际,1.15,686.53,786.83
438,600050,中国联通,0.04,364461.03,15407.41
439,300051,三五互联,6.56,867.35,5688.85
440,300025,华星创业,7.52,996.9,7498.3
441,002663,普邦股份,7.59,1385.11,10517.91
442,002583,海能达,19.03,2111.69,40182.84
443,002319,乐通股份,0.04,2136.95,88.17
444,002299,圣农发展,12.67,5355.56,67872.8
445,002282,博深工具,0.33,3760.3,1248.45
446,002255,海陆重工,2.2,3420.06,7535.26
447,002245,澳洋顺昌,7.55,2724.88,20562.14
448,002191,劲嘉股份,3.51,16277.68,57072.14
449,002181,粤 传 媒,2.75,6896.32,18953.67
450,002173,*ST创疗,4.37,2622.13,11471.35
451,002168,深圳惠程,1.82,4161.08,7591.25
452,002162,悦心健康,0.25,6860.92,1702.63
453,002129,中环股份,5.45,7375.03,40200.63
454,002128,露天煤业,2.08,39523.58,82395.56
455,002120,韵达股份,41.03,2869.26,117722.43
456,002115,三维通信,0.9,3053.98,2760.05
457,002113,天润数娱,2.06,2628.12,5411.31
458,002082,栋梁新材,2.12,3284.97,6973.56
459,002076,雪 莱 特,0.92,4383.39,4050.39
460,002075,沙钢股份,4.56,4826.63,21999.55
461,002061,江山化工,0.83,7987.08,6627.97
462,002050,三花智控,19.24,4457.64,85745.53
463,002049,紫光国芯,12.94,2596.63,33610.64
464,002025,航天电器,2.28,11467.79,26106.72
465,002015,霞客环保,-1.37,3020.26,-4124.19
466,002012,凯恩股份,1.11,779.4,868.91
467,000981,银亿股份,-3.13,-16427.46,51388.43
468,000953,*ST河化,-7.42,1910.78,-14176.06
469,000916,华北高速,1.2,25057.33,30001.0
470,000898,鞍钢股份,0.24,684500.0,161600.0
471,000892,欢瑞世纪,-0.33,-79444.15,26507.31
472,000889,茂业通信,95.43,230.48,21995.41
473,000885,同力水泥,7.59,562.62,4269.42
474,000862,银星能源,1.24,888.05,1103.02
475,000838,财信发展,82.56,134.82,11130.79
476,000821,京山轻机,2.84,3003.32,8536.3
477,000812,陕西金叶,-0.33,-10671.7,3492.67
478,000800,一汽轿车,-2.75,34739.85,-95432.73
479,000758,中色股份,0.89,33211.34,29601.33
480,000755,*ST三维,-5.09,13260.99,-67490.91
481,000716,黑芝麻,-6.61,-246.97,1631.61
482,000710,*ST天仪,-3.51,119.29,-418.59
483,000682,东方电子,53.57,111.5,5972.58
484,000673,当代东方,-4.08,-4348.53,17747.05
485,000636,风华高科,3.28,4233.43,13890.61
486,000558,莱茵体育,2.09,1207.97,2519.22
487,000526,*ST紫学,-79.72,123.79,-9868.32
488,000408,*ST金源,44.05,2069.89,91180.98
489,000063,中兴通讯,-2.92,80735.3,-235741.8
490,000040,东旭蓝天,14.37,1220.23,17537.95
491,000034,神州数码,136.62,295.57,40379.52
492,000032,深桑达Ａ,1.47,4131.81,6071.29
493,000029,深深房Ａ,16.18,1925.95,31156.74
494,000008,神州高铁,-297.17,-175.61,52186.62
495,000007,全新好,-0.85,-9152.34,7801.9
496,000004,国农科技,63.41,61.98,3929.93
497,600459,贵研铂业,2.55,3249.79,8302.06
498,601088,中国神华,1.38,1643600.0,2271200.0
499,600584,长电科技,1.18,9025.43,10633.44
500,600172,黄河旋风,6.55,5645.52,36965.7
501,600325,华发股份,7.16,14225.55,101838.19
502,600666,奥瑞德,45.24,1028.64,46531.88
503,002150,通润装备,2.36,4200.14,9932.96
504,002131,利欧股份,15.56,3670.76,57101.18
505,000062,深圳华强,5.1,8354.68,42586.09
506,002300,太阳电缆,2.29,6785.04,15533.08
507,600641,万业企业,5.0,14370.37,71842.21
508,601628,中国人寿,1.99,960100.0,1912700.0
509,600483,福能股份,103.65,978.91,101460.43
510,002024,苏宁云商,0.98,72030.01,70441.4
511,600885,宏发股份,-8.42,-6911.94,58176.85
512,002114,罗平锌电,0.96,8603.65,8291.35
513,300027,华谊兄弟,34.3,2356.41,80813.4
514,601688,华泰证券,7.48,83805.53,627061.15
515,000776,广发证券,717.27,1119.53,803010.66
516,600999,招商证券,5.19,104081.19,540345.06
517,000739,普洛药业,5.06,5195.68,26289.71
518,002208,合肥城建,1.62,6705.76,10875.94
519,002244,滨江集团,6.87,20357.63,139880.7
520,002153,石基信息,6.77,5739.1,38879.03
521,600843,上工申贝,29.48,489.31,14423.13
522,000987,越秀金控,4.39,14118.39,62049.58
523,000639,西王食品,17.24,781.87,13481.51
524,600493,凤竹纺织,1.17,4828.19,5642.09
525,600369,西南证券,-7.5,-12239.63,91757.27
526,600052,浙江广厦,-1.4,-25520.76,35747.56
527,300033,同花顺,140.38,863.07,121157.67
528,600028,中国石化,0.92,5066400.0,4641600.0
529,600035,楚天高速,1.51,25899.76,39045.66
530,300041,回天新材,3.68,2637.56,9703.92
531,600101,明星电力,-0.41,-20164.47,8353.91
532,000993,闽东电力,0.81,3232.86,2633.05
533,600508,上海能源,1.01,44711.74,45166.86
534,000978,桂林旅游,0.17,4428.38,738.78
535,600163,中闽能源,9.04,1166.6,10547.85
536,002056,横店东磁,3.4,12974.25,44118.38
537,002086,东方海洋,2.41,3179.66,7661.71
538,000541,佛山照明,4.52,23747.29,107234.21
539,002344,海宁皮城,15.5,3548.08,54998.82
540,600882,广泽股份,2.21,1458.03,3221.01
541,002228,合兴包装,5.07,2029.44,10293.65
542,000626,远大控股,391.02,99.98,39093.82
543,600103,青山纸业,4.06,1109.2,4498.85
544,600039,四川路桥,82.39,1267.8,104455.26
545,002022,科华生物,3.12,7457.62,23240.05
546,002250,联化科技,4.57,5771.67,26385.21
547,601398,工商银行,5.71,4871900.0,27824900.0
548,600192,长城电工,0.79,2825.99,2231.5
549,300043,星辉娱乐,67.9,674.54,45802.77
550,000807,云铝股份,0.35,31279.83,11052.95
551,600736,苏州高新,2.11,14528.25,30711.28
552,600367,红星发展,0.71,6414.7,4585.95
553,000425,徐工机械,21.73,959.74,20858.32
554,002174,游族网络,33.96,1731.14,58787.99
555,000721,西安饮食,1.17,1053.39,1235.12
556,601818,光大银行,11.45,264987.3,3032900.0
557,600971,恒源煤电,0.18,19613.94,3528.66
558,000667,美好置业,5.69,11689.42,66485.62
559,002240,威华股份,0.25,9467.89,2340.58
560,600826,兰生股份,5.39,15594.48,84043.53
561,600222,太龙药业,0.22,1803.62,401.56
562,600026,中远海能,0.7,276079.29,192251.27
563,600221,海南航空,17.28,18160.17,313825.5
564,600795,国电电力,4.72,100064.59,472728.37
565,600716,凤凰股份,-0.18,-29138.27,5243.34
566,600109,国金证券,-55.01,-2361.09,129873.05
567,600350,山东高速,3.44,89770.2,308935.75
568,000797,中国武夷,6.59,3331.54,21966.42
569,002009,天奇股份,3.91,2657.41,10394.01
570,002149,西部材料,0.81,2617.39,2122.11
571,600754,锦江股份,3.2,21679.37,69457.94
572,600664,哈药股份,1.71,46160.63,78810.31
573,600488,天药股份,1.45,4405.89,6380.57
574,000656,金科股份,160.28,870.53,139526.03
575,600789,鲁抗医药,-0.3,-9653.79,2910.2
576,000150,宜华健康,-18.54,-4014.27,74438.61
577,600393,粤泰股份,4.57,3176.82,14514.23
578,600558,大西洋,1.11,3999.74,4444.28
579,600289,亿阳信通,1.44,9036.09,12981.65
580,600862,中航高科,-0.58,-12675.63,7342.21
581,000970,中科三环,2.26,13993.81,31659.31
582,000043,中航地产,2.31,6980.97,16139.09
583,600358,国旅联合,-10.54,1547.8,-16310.36
584,000705,浙江震元,5.83,776.32,4527.56
585,000572,海马汽车,2.29,10047.75,23023.09
586,600064,南京高科,9.14,10142.39,92652.8
587,300034,钢研高纳,5.25,1826.62,9596.79
588,600355,精伦电子,4.44,254.6,1129.44
589,600825,新华传媒,3.1,1562.72,4840.7
590,600346,恒力股份,409.96,287.79,117983.43
591,000555,神州信息,-3.08,-7862.81,24199.06
592,600223,鲁商置业,-0.14,-67294.9,9237.21
593,601377,兴业证券,6.67,30692.51,204632.14
594,600403,*ST大有,-387.67,506.26,-196263.13
595,000877,天山股份,2.25,4425.31,9978.54
596,002044,美年健康,13.01,2605.29,33891.04
597,000525,红 太 阳,3.87,3267.67,12641.31
598,002159,三特索道,-3.56,1517.18,-5394.03
599,000933,*ST神火,0.85,40242.89,34213.92
600,600496,精工钢构,1.81,6064.48,10957.31
601,000576,广东甘化,12.5,819.56,10240.62
602,600261,阳光照明,4.19,10791.57,45220.27
603,601099,太平洋,5.06,13192.19,66772.1
604,600482,中国动力,17.48,6139.49,107324.9
605,000902,新洋丰,51.45,1094.53,56308.67
606,002190,成飞集成,3.87,3557.07,13771.64
607,600061,国投安信,175.99,1455.59,256173.2
608,600265,ST景谷,-0.98,-3443.45,3370.95
609,000606,神州易桥,2.86,1600.41,4581.83
610,600706,曲江文旅,-0.45,-11853.66,5340.1
611,002331,皖通科技,5.98,1284.46,7687.27
612,001696,宗申动力,2.5,11660.15,29111.76
613,002152,广电运通,9.36,9014.17,84397.21
614,000795,英洛华,-0.09,-38306.85,3458.08
615,002265,西仪股份,0.25,2792.7,701.26
616,600635,大众公用,5.13,10670.75,54764.43
617,000166,申万宏源,4.31,125542.26,540905.83
618,002145,中核钛白,2.01,4186.66,8409.07
619,002106,莱宝高科,1.0,21155.86,21177.35
620,002130,沃尔核材,2.89,3715.41,10727.64
621,600131,岷江水电,1.71,9620.85,16409.42
622,600416,湘电股份,1.95,7108.72,13877.86
623,600273,嘉化能源,48.6,1523.74,74047.7
624,600623,华谊集团,2.95,14168.79,41829.64
625,600195,中牧股份,2.56,13054.77,33442.01
626,600179,安通控股,26.71,1502.61,40129.28
627,000552,靖远煤电,5.51,4027.09,22171.86
628,002010,传化智联,7.31,7943.69,58098.54
629,600282,南钢股份,0.91,38934.44,35373.52
630,600871,石化油服,-430.7,3741.5,-1611476.3
631,000952,广济药业,9.05,1566.49,14183.92
632,601988,中国银行,3.93,4189200.0,16457800.0
633,000159,国际实业,26.52,132.78,3521.76
634,000597,东北制药,1.21,1962.58,2378.81
635,600080,金花股份,-0.36,-7575.16,2729.91
636,600027,华电国际,2.98,112188.6,334444.3
637,000022,深赤湾Ａ,0.87,61396.48,53237.65
638,600470,六国化工,-2.11,5903.16,-12462.45
639,002326,永太科技,6.33,4377.34,27701.89
640,002023,海特高新,1.31,3123.27,4076.84
641,000779,三毛派神,1.1,1190.57,1314.13
642,601999,出版传媒,1.35,9083.42,12294.67
643,002042,华孚色纺,760.57,63.0,47915.8
644,600958,东方证券,2.47,93614.9,231397.49
645,600077,宋都股份,-14.55,1371.09,-19947.44
646,002591,恒大高新,0.79,1787.9,1412.16
647,600063,皖维高新,2.6,4234.79,11020.83
648,600251,冠农股份,-0.82,-3211.02,2645.79
649,600020,中原高速,1.32,56516.01,74813.99
650,600231,凌钢股份,0.37,35823.45,13393.82
651,002087,新野纺织,3.63,5715.83,20745.52
652,601918,新集能源,0.65,36969.92,24173.64
653,600569,安阳钢铁,0.22,55667.87,12323.71
654,600784,鲁银投资,1.38,3021.82,4171.67
655,600171,上海贝岭,1.19,3170.08,3785.39
656,600967,北方创业,50.48,983.5,49650.87
657,000727,华东科技,1.55,1525.46,2359.7
658,600187,国中水务,0.91,1787.14,1618.9
659,000573,粤宏远Ａ,48.56,406.02,19716.65
660,600362,江西铜业,0.17,460934.55,78753.81
661,002243,通产丽星,0.8,3276.45,2627.85
662,000561,烽火电子,-1.24,-7119.92,8824.01
663,000099,中信海直,1.2,7132.59,8592.95
664,600870,厦华电子,0.01,-52333.33,-510.21
665,600428,中远海特,0.08,61542.63,5026.09
666,600373,中文传媒,128.13,1010.96,129536.39
667,002371,北方华创,2.6,3571.56,9290.16
668,002079,苏州固锝,3.59,3155.79,11340.97
669,000671,阳 光 城,88.7,1386.84,123005.98
670,002239,奥特佳,9.42,4735.92,44607.23
671,600577,精达股份,4.18,5354.51,22391.93
672,000929,兰州黄河,-1.24,2026.62,-2509.36
673,300037,新宙邦,12.62,2027.87,25591.97
674,000983,西山煤电,0.45,97443.84,43407.65
675,000908,景峰医药,124.64,272.81,34002.86
676,600033,福建高速,1.37,48867.91,67115.35
677,002156,通富微电,2.02,8934.47,18081.46
678,600021,上海电力,2.26,40486.49,91645.74
679,600749,西藏旅游,-9.24,1029.38,-9512.41
680,600548,深高速,2.09,55924.49,116935.32
681,600822,上海物贸,0.21,6941.64,1471.43
682,600722,金牛化工,-0.02,-148484.96,2591.7
683,600817,*ST宏盛,0.05,6073.52,331.03
684,600218,全柴动力,8.01,1185.36,9489.14
685,000793,华闻传媒,13.41,6508.47,87280.61
686,300264,佳创视讯,1.01,1353.93,1364.46
687,601555,东吴证券,9.14,16384.73,149828.85
688,002301,齐心集团,3.89,2696.18,10489.14
689,600378,天科股份,-0.73,-3702.83,2711.12
690,601010,文峰股份,1.41,17964.7,25252.92
691,600425,*ST青松,-13.09,4395.39,-57554.52
692,600096,云天化,-5.73,58586.49,-335949.24
693,600769,祥龙电业,0.16,1116.44,179.19
694,000802,北京文化,24.99,2090.48,52239.92
695,000790,泰合健康,15.27,540.11,8249.74
696,600711,盛屯矿业,135.62,139.04,18856.49
697,601898,中煤能源,0.75,271675.8,202653.0
698,600626,申达股份,1.76,11004.59,19418.48
699,600610,中毅达,-0.02,-18870.98,468.82
700,000589,黔轮胎Ａ,0.25,5993.79,1522.72
701,600007,中国国贸,2.85,24119.04,68634.04
702,600219,南山铝业,7.59,17295.68,131272.79
703,600512,腾达建设,1.41,6002.84,8447.41
704,000419,通程控股,1.94,5267.55,10224.85
705,600502,安徽水利,9.23,3311.23,30564.2
706,002140,东华科技,1.68,4877.29,8180.02
707,600575,皖江物流,12.83,3684.81,47277.73
708,600563,法拉电子,3.63,10724.4,38955.45
709,600156,华升股份,1.02,926.35,947.95
710,000507,珠海港,0.8,13029.79,10421.92
711,600037,歌华有线,1.68,43258.71,72520.19
712,600227,赤天化,-2.05,17062.72,-34953.42
713,600343,航天动力,1.53,1942.35,2965.77
714,600235,民丰特纸,2.11,596.07,1255.07
715,600312,平高电气,7.77,15706.61,121989.71
716,000751,锌业股份,0.56,24080.55,13439.62
717,600846,同济科技,8.21,2211.33,18161.26
718,002354,天神娱乐,20.66,2646.85,54673.41
719,000514,渝 开 发,104.15,117.77,12266.15
720,600399,抚顺特钢,7.31,1522.12,11123.73
721,300016,北陆药业,1.33,1229.16,1637.95
722,002295,精艺股份,0.17,5507.05,918.43
723,000967,盈峰环境,33.57,732.18,24578.99
724,000023,深天地Ａ,0.31,3248.89,995.22
725,601168,西部矿业,0.06,153886.63,9980.08
726,000868,安凯客车,-0.43,-11847.46,5135.07
727,600707,彩虹股份,-13.79,1976.23,-27251.25
728,002069,獐子岛,0.48,16709.49,7959.34
729,600220,江苏阳光,1.71,8932.37,15288.03
730,600676,交运股份,4.21,7313.01,30767.04
731,000421,南京公用,1.94,9930.7,19260.45
732,000677,恒天海龙,0.06,7054.98,452.14
733,002249,大洋电机,9.71,5245.76,50935.01
734,000918,嘉凯城,42.43,939.91,39883.1
735,000819,岳阳兴长,0.69,4377.24,3033.76
736,000899,赣能股份,6.07,6230.5,37823.58
737,600460,士兰微,1.65,5817.82,9589.14
738,600560,金自天正,0.82,2417.15,1985.41
739,002119,康强电子,1.03,4235.97,4361.79
740,600283,钱江水利,2.44,2418.17,5894.83
741,600531,豫光金铅,1.25,14111.07,17642.22
742,000038,深大通,-1.42,-16470.42,23325.44
743,600376,首开股份,275.09,691.19,190141.7
744,300139,晓程科技,2.28,1225.17,2798.51
745,600167,联美控股,524.88,133.16,69892.42
746,002733,雄韬股份,5.9,2035.03,12004.97
747,600468,百利电气,2.01,2652.36,5325.52
748,600113,浙江东日,7.83,1269.34,9941.95
749,600895,张江高科,3.27,22227.93,72661.76
750,300017,网宿科技,76.99,1624.12,125039.66
751,600267,海正药业,-1.18,8033.89,-9442.81
752,600527,XD江南高,0.53,5191.9,2744.91
753,600688,上海石化,8.08,73685.1,595557.6
754,000543,皖能电力,19.37,4589.48,88903.3
755,600801,华新水泥,3.57,12672.7,45194.04
756,600962,国投中鲁,0.02,4044.36,90.0
757,000498,山东路桥,-1.17,-36790.5,42970.66
758,002077,大港股份,0.77,5414.63,4159.49
759,600366,宁波韵升,9.72,8229.34,79972.13
760,600127,金健米业,1.3,775.64,1008.31
761,601328,交通银行,5.31,1266900.0,6721000.0
762,600605,汇通能源,5.22,475.51,2482.26
763,002350,北京科锐,2.82,2708.18,7646.22
764,002220,天宝股份,7.49,2425.16,18153.38
765,000590,启迪古汉,19.06,289.43,5517.52
766,600621,华鑫股份,1.92,8033.52,15421.55
767,600765,中航重机,19.13,1267.77,24246.31
768,000850,华茂股份,0.97,10128.95,9857.48
769,600303,曙光股份,0.61,9983.46,6068.97
770,300014,亿纬锂能,16.93,1487.6,25181.52
771,600513,联环药业,7.74,809.98,6269.02
772,600841,上柴股份,7.62,1284.6,9785.78
773,600495,晋西车轴,0.54,5009.51,2694.31
774,000708,大冶特钢,0.92,31765.93,29268.07
775,000783,长江证券,-1.38,-160151.82,220657.6
776,000608,阳光股份,-5.38,8708.9,-46823.8
777,600830,香溢融通,2.9,3720.38,10803.84
778,600389,江山股份,1.01,5179.48,5238.04
779,600016,民生银行,12.49,383182.6,4784300.0
780,000531,穗恒运Ａ,4.11,13941.29,57346.18
781,002029,七 匹 狼,5.18,5154.7,26719.16
782,601118,海南橡胶,0.14,44340.26,6130.55
783,002272,川润股份,0.5,2929.5,1454.82
784,600316,洪都航空,0.16,7076.48,1104.04
785,002105,信隆健康,0.81,3519.49,2855.17
786,002253,川大智胜,1.7,2285.66,3889.1
787,002337,赛象科技,0.08,15865.65,1291.05
788,600000,浦发银行,15.84,335302.66,5309900.0
789,600456,宝钛股份,0.11,34190.58,3686.21
790,002277,友阿股份,2.07,14473.7,29917.18
791,600814,杭州解百,4.21,4653.9,19572.62
792,002348,高乐股份,2.09,2040.44,4254.67
793,002074,国轩高科,42.56,2422.16,103093.97
794,600120,浙江东方,7.08,9344.33,66129.92
795,002006,精功科技,26.23,239.67,6285.68
796,000027,深圳能源,1.68,80011.02,134707.03
797,600330,天通股份,1.14,9703.09,11033.17
798,000949,新乡化纤,1.52,7575.76,11501.55
799,000990,诚志股份,2.22,4988.81,11078.01
800,000851,高鸿股份,14.06,569.59,8009.69
801,002109,兴化股份,0.31,9150.21,2808.24
802,000088,盐 田 港,0.5,70641.99,35182.45
803,002139,拓邦股份,7.78,1853.68,14429.37
804,000544,中原环保,103.86,286.45,29750.02
805,600880,博瑞传播,0.66,9137.77,6013.61
806,600232,金鹰股份,0.3,9645.66,2905.64
807,000975,银泰资源,4.39,5005.69,21964.36
808,002031,巨轮智能,0.47,6688.76,3154.66
809,300071,华谊嘉信,9.59,1368.79,13123.64
810,002224,三 力 士,12.39,1822.55,22582.89
811,002310,东方园林,50.94,2543.21,129560.85
812,600095,哈高科,0.68,2270.57,1537.73
813,002172,澳洋科技,3.01,8621.54,25924.22
814,600106,重庆路桥,3.27,9025.66,29526.3
815,600812,华北制药,1.4,3894.32,5441.51
816,000966,长源电力,6.39,6241.11,39880.35
817,600356,恒丰纸业,2.37,3995.41,9467.0
818,000702,正虹科技,0.07,3035.16,202.45
819,600618,氯碱化工,1.67,-19625.81,-32809.18
820,600658,电子城,-7.09,-5926.42,41995.41
821,002355,兴民智通,3.07,1654.63,5081.63
822,002179,中航光电,11.07,6626.49,73376.59
823,000536,华映科技,18.11,2185.08,39566.97
824,000875,吉电股份,0.16,8224.57,1300.49
825,600990,四创电子,6.92,1871.04,12945.5
826,000757,浩物股份,-0.04,-60080.46,2631.98
827,000070,特发信息,67.12,291.71,19578.51
828,000006,深振业Ａ,3.6,21625.38,77858.09
829,002308,威创股份,1.64,11145.35,18223.35
830,600433,冠豪高新,8.9,1219.55,10852.5
831,002018,华信国际,13.9,2648.64,36803.93
832,000720,新能泰山,-2.77,2407.87,-6670.57
833,600608,*ST沪科,0.19,-12347.04,-2379.63
834,000630,铜陵有色,0.31,58425.92,18032.4
835,002100,天康生物,10.28,3818.03,39254.14
836,300045,华力创通,9.75,523.3,5102.64
837,002340,格林美,21.99,1199.51,26373.19
838,600243,青海华鼎,-5.02,1315.64,-6605.2
839,600721,百花村,108.44,128.3,13913.42
840,000712,锦龙股份,50.25,727.54,36556.41
841,601899,紫金矿业,1.08,169920.34,183979.88
842,002320,海峡股份,2.65,5910.59,15686.93
843,600515,海航基础,52.81,1817.48,95975.83
844,600270,外运发展,1.45,68537.02,99525.17
845,002283,天润曲轴,6.13,3168.13,19429.68
846,002164,宁波东力,0.29,3964.14,1156.72
847,600615,丰华股份,0.12,7472.83,925.7
848,600630,龙头股份,0.85,2457.41,2077.82
849,600278,东方创业,2.73,5462.76,14886.13
850,600624,复旦复华,2.35,1624.7,3815.5
851,600965,福成股份,10.43,1771.86,18474.32
852,000890,法 尔 胜,5.48,2579.02,14134.74
853,600561,江西长运,-2.06,4738.84,-9763.67
854,000715,中兴商业,1.28,6952.93,8867.11
855,600526,菲达环保,2.27,1961.33,4443.16
856,600363,联创光电,3.46,4548.57,15742.52
857,600775,南京熊猫,1.34,8914.75,11924.05
858,600884,杉杉股份,3.64,9080.12,33016.31
859,300031,宝通科技,11.27,1248.4,14072.57
860,000520,长航凤凰,0.12,7777.19,971.63
861,600796,钱江生化,1.08,3048.47,3283.21
862,600038,中直股份,4.73,9288.22,43916.15
863,600682,南京新百,6.9,5794.49,39985.52
864,601919,中远海控,-8.1,122303.29,-990600.36
865,600185,格力地产,83.99,715.13,60064.73
866,600117,西宁特钢,0.33,21147.34,6940.74
867,600785,新华百货,1.15,5478.69,6295.83
868,000607,华媒控股,45.82,486.82,22306.4
869,600868,XD梅雁吉,-0.1,-70092.84,6820.67
870,600714,金瑞矿业,-0.81,-7088.64,5762.33
871,600478,科力远,-30.95,683.6,-21160.81
872,600083,博信股份,-0.05,-6180.54,301.3
873,000810,创维数字,11.26,4317.97,48640.2
874,600969,郴电国际,-1.64,-6093.71,10021.36
875,600604,市北高新,-2.32,-6607.8,15346.71
876,000551,创元科技,0.36,13757.68,4977.11
877,002226,江南化工,2.12,2896.36,6130.97
878,600410,华胜天成,0.26,14019.25,3579.92
879,600737,中粮糖业,5.38,9581.5,51504.79
880,000936,华西股份,11.52,5247.32,60445.1
881,000962,东方钽业,0.72,4024.6,2900.49
882,000859,国风塑业,0.9,2034.14,1835.77
883,600408,安泰集团,-3.94,14768.44,-58195.48
884,600234,ST山水,1.4,1022.31,1426.97
885,000698,沈阳化工,3.98,8562.01,34049.22
886,000570,苏常柴Ａ,0.59,10602.7,6253.99
887,600692,亚通股份,1.85,2543.92,4712.12
888,600565,迪马股份,25.91,2997.51,77675.29
889,002237,恒邦股份,4.67,4356.42,20331.51
890,000632,三木集团,0.83,2008.16,1657.5
891,600744,华银电力,1.77,10601.67,18802.6
892,000960,锡业股份,0.64,21257.92,13611.93
893,600719,大连热电,0.69,1956.01,1359.32
894,600675,中华企业,1.53,42953.08,65545.82
895,000777,中核科技,8.12,1298.72,10542.27
896,000768,中航飞机,6.54,6313.16,41313.34
897,002209,达 意 隆,-1.79,2529.86,-4531.81
898,000652,泰达股份,2.62,10342.15,27086.84
899,002066,瑞泰科技,1.57,1605.55,2523.84
900,000529,广弘控股,18.39,574.48,10563.22
901,002231,奥维通信,0.23,3135.43,724.91
902,002211,宏达新材,0.23,4828.04,1103.87
903,002011,盾安环境,8.96,926.08,8301.31
904,002189,利达光电,0.51,3412.12,1732.2
905,002045,国光电器,0.91,6670.89,6042.35
906,002258,利尔化学,2.1,9944.04,20834.73
907,300050,世纪鼎利,6.78,1768.99,11993.82
908,000011,深物业A,-7.71,-4605.42,35485.72
909,002096,南岭民爆,1.14,2979.72,3385.11
910,600071,凤凰光学,-3.39,3406.97,-11539.68
911,000528,柳 工,0.14,35655.5,4926.01
912,600382,广东明珠,3.02,5862.47,17720.27
913,002135,东南网架,0.54,9052.89,4912.46
914,601991,大唐发电,-0.97,270729.1,-262333.1
915,600995,文山电力,2.08,7656.93,15937.56
916,000563,陕国投Ａ,50.8,1014.28,51523.76
917,600723,首商股份,36.51,810.2,29581.75
918,002014,永新股份,4.29,4725.52,20271.06
919,002039,黔源电力,-3.27,-3963.18,12961.37
920,000785,武汉中商,0.13,1526.6,204.11
921,002347,泰尔股份,0.66,1509.94,1003.85
922,000416,民生控股,2.96,562.09,1664.3
923,300150,世纪瑞尔,5.65,1608.02,9078.4
924,601808,中海油服,-10.16,112801.14,-1145618.63
925,600011,华能国际,1.59,555038.15,881429.09
926,600845,宝信软件,3.89,8635.41,33565.9
927,000534,万泽股份,8.07,943.72,7619.02
928,000059,华锦股份,20.19,8931.43,180324.35
929,300001,特锐德,18.08,1391.0,25152.76
930,600743,华远地产,-151.55,-489.17,74132.36
931,600889,南京化纤,4.15,2187.12,9083.16
932,002080,中材科技,7.06,5683.29,40140.33
933,000615,京汉股份,10.71,1019.67,10924.51
934,600523,贵航股份,9.29,1864.05,17323.95
935,600370,三房巷,0.62,7552.14,4653.65
936,600875,东方电气,-2.15,83019.96,-178430.68
937,000524,岭南控股,1.21,2536.3,3061.49
938,000058,深 赛 格,-1.6,-6716.92,10756.02
939,000973,佛塑科技,-1.33,-9442.27,12565.51
940,000948,南天信息,1.03,2011.97,2068.94
941,000695,滨海能源,0.11,3447.78,388.33
942,000921,海信科龙,45.1,2412.08,108773.21
943,002353,杰瑞股份,5.95,2026.63,12067.41
944,002137,麦达数字,3.2,4686.5,14998.77
945,000628,高新发展,-0.17,-17602.17,2936.67
946,002141,贤丰控股,0.35,2404.82,843.42
947,600287,江苏舜天,1.47,3202.8,4699.62
948,000655,金岭矿业,-8.19,6866.23,-56256.37
949,600162,香江控股,10.8,6390.77,69029.22
950,000731,四川美丰,-1.01,24909.56,-25037.38
951,600248,延长化建,-3.56,-3454.39,12281.65
952,600740,山西焦化,1.29,3415.44,4421.64
953,600898,三联商社,13.93,116.24,1619.33
954,600203,福日电子,12.53,508.72,6376.22
955,300055,万邦达,116.28,225.54,26224.83
956,600829,人民同泰,1.03,21824.52,22450.99
957,600311,荣华实业,0.37,-17338.69,-6495.56
958,600380,健康元,-5.83,-7744.06,45141.52
959,000687,华讯方舟,5.83,2762.07,16108.68
960,600701,工大高新,6.11,1253.33,7658.02
961,000402,金 融 街,5.34,52549.64,280437.04
962,600268,国电南自,0.46,6884.25,3151.2
963,600766,园城黄金,0.12,2605.24,314.59
964,600242,中昌数据,-0.3,-11330.38,3386.92
965,000619,海螺型材,0.54,13979.07,7597.19
966,002062,宏润建设,3.39,6871.84,23299.46
967,000972,*ST中基,-3.37,7529.57,-25411.15
968,000980,金马股份,5.67,1530.93,8678.44
969,002314,南山控股,4.74,11115.61,52699.71
970,600599,熊猫金控,-4.08,-508.22,2071.44
971,000839,中信国安,0.55,41915.95,23020.17
972,600593,大连圣亚,-0.85,-3937.15,3354.86
973,600720,祁连山,20.19,825.16,16657.91
974,000546,金圆股份,33.07,923.74,30550.97
975,300023,宝德股份,60.44,103.98,6285.02
976,600114,东睦股份,103.94,169.19,17586.31
977,000878,云南铜业,0.17,120473.96,20342.72
978,002281,光迅科技,7.4,3852.64,28502.13
979,600340,华夏幸福,905.77,716.69,649157.91
980,002709,天赐材料,18.97,2089.38,39632.79
981,300046,台基股份,2.17,1772.52,3854.35
982,002155,湖南黄金,1.48,9698.12,14350.25
983,600803,新奥股份,16.8,3086.84,51869.36
984,600848,上海临港,67.46,597.94,40336.5
985,600246,万通地产,3.78,2917.29,11030.67
986,002213,特 尔 佳,0.46,1749.02,798.28
987,002246,北化股份,1.67,5016.89,8397.24
988,000828,东莞控股,4.16,19947.72,82901.82
989,600337,美克家居,10.32,3206.98,33080.05
990,600159,大龙地产,4.47,2260.32,10104.0
991,600321,国栋建设,0.11,3897.19,415.61
992,300048,合康新能,112.79,158.66,17895.08
993,600008,首创股份,1.43,42692.52,61088.89
994,300011,鼎汉技术,6.7,1660.17,11122.42
995,000881,中广核技,5.92,5269.58,31191.36
996,300008,天海防务,15.51,930.39,14434.81
997,300018,中元股份,3.96,2695.15,10678.02
998,000897,津滨发展,1.04,4507.77,4705.62
999,600260,凯乐科技,2.17,8393.32,18222.96
1000,600345,长江通信,3.92,1619.41,6353.15
1001,002233,塔牌集团,5.55,8186.91,45423.02
1002,300213,佳讯飞鸿,5.98,1724.43,10320.67
1003,000997,新 大 陆,11.29,4087.47,46134.73
1004,300021,大禹节水,6.83,885.43,6048.72
1005,603569,长久物流,6.36,5694.11,36242.44
1006,000958,东方能源,32.09,880.99,28268.9
1007,000920,南方汇通,-0.73,-13460.99,9865.72
1008,000670,盈方微,-0.19,-12750.51,2417.17
1009,600476,湘邮科技,0.32,725.62,231.16
1010,002238,天威视讯,4.57,6622.76,30263.41
1011,600717,天津港,2.45,51525.62,126368.67
1012,600684,珠江实业,16.23,2052.67,33317.1
1013,600787,中储股份,9.65,7951.33,76744.5
1014,600777,新潮能源,-8.02,2261.58,-18145.43
1015,600066,宇通客车,18.32,22074.17,404374.56
1016,600520,*ST中发,3.58,344.74,1235.1
1017,000959,首钢股份,0.83,48574.3,40096.4
1018,000937,冀中能源,0.5,48332.24,24397.57
1019,600368,五洲交通,2.96,7495.74,22215.78
1020,002108,沧州明珠,15.87,3070.79,48731.95
1021,000037,深南电A,20.59,6346.61,130669.48
1022,600853,龙建股份,1.59,1843.81,2930.72
1023,000401,冀东水泥,0.26,20144.25,5288.55
1024,000816,智慧农业,-3.84,3595.81,-13808.06
1025,000852,石化机械,-4.45,18633.65,-82872.2
1026,000600,建投能源,30.1,4828.34,145313.66
1027,002205,国统股份,0.95,1402.22,1332.86
1028,600209,罗顿发展,-4.94,930.9,-4594.12
1029,000786,北新建材,8.01,14615.56,117106.86
1030,600449,宁夏建材,1.59,3622.22,5764.99
1031,600793,宜宾纸业,-0.05,-6552.49,317.82
1032,600463,空港股份,0.75,3729.89,2814.87
1033,000021,深科技,0.63,34118.52,21442.35
1034,000605,渤海股份,-0.64,-6627.07,4254.59
1035,002146,荣盛发展,23.94,17323.64,414809.31
1036,000567,海德股份,0.14,2178.05,297.77
1037,600480,凌云股份,4.4,4847.13,21303.47
1038,600155,宝硕股份,0.09,-166203.68,-14212.1
1039,600135,乐凯胶片,1.49,2757.2,4114.3
1040,002158,汉钟精机,3.98,4185.62,16645.29
1041,002330,得利斯,0.13,6995.58,903.17
1042,600550,保变电气,0.55,19809.75,10912.81
1043,600405,动力源,3.16,860.18,2716.31
1044,600732,*ST新梅,3.25,601.84,1954.76
1045,600710,*ST常林,6.05,3413.86,20665.56
