,code,times_jan,times_mar,jan0,mar0,jan1,mar1
0,600000,5.39,3.33,3.0,16.18,4.72,15.7
1,600004,2.92,1.7,4.88,14.27,9.4,15.95
2,600006,2.67,1.31,2.58,6.9,5.24,6.89
3,600007,1.98,1.65,8.74,17.28,12.34,20.33
4,600008,1.9,1.27,2.17,4.12,3.35,4.27
5,600009,1.61,1.31,16.57,26.63,21.68,28.38
6,600010,1.96,1.2,1.44,2.82,2.49,2.99
7,600011,1.8,1.28,3.91,7.03,5.84,7.45
8,600012,4.55,2.85,3.57,16.26,5.7,16.22
9,600015,4.1,2.5,2.71,11.1,4.42,11.03
10,600016,2.9,2.21,3.12,9.04,3.85,8.51
11,600017,1.92,1.43,2.12,4.08,2.84,4.05
12,600018,0.89,0.79,5.75,5.14,7.05,5.59
13,600019,0.94,0.93,6.76,6.35,6.93,6.45
14,600020,1.74,1.26,2.6,4.52,3.7,4.67
15,600021,4.14,2.62,2.92,12.09,4.58,12.02
16,600022,0.82,0.6,3.1,2.53,4.45,2.67
17,600026,0.79,0.57,8.74,6.87,12.27,7.05
18,600027,2.46,1.15,2.02,4.97,4.38,5.04
19,600028,1.01,1.08,5.42,5.46,5.23,5.64
20,600029,3.48,2.03,2.01,7.0,3.76,7.65
21,600030,2.69,1.51,6.0,16.13,10.59,16.03
22,600031,4.5,3.93,1.38,6.21,1.88,7.38
23,600033,1.53,1.1,2.27,3.48,3.27,3.59
24,600035,3.06,1.81,1.98,6.05,3.19,5.77
25,600036,2.34,2.24,7.64,17.85,8.24,18.48
26,600037,1.09,0.83,13.97,15.29,18.25,15.19
27,600038,4.44,2.75,11.22,49.85,17.84,49.01
28,600048,5.92,4.51,1.54,9.12,2.11,9.52
29,600050,1.76,1.6,4.14,7.3,4.64,7.42
30,600051,2.51,1.23,5.23,13.11,10.53,13.0
31,600053,10.93,6.59,4.23,46.22,6.46,42.6
32,600054,2.38,1.82,6.73,16.03,9.6,17.47
33,600055,10.07,3.66,1.77,17.82,4.63,16.95
34,600056,12.35,8.13,1.56,19.26,2.76,22.43
35,600057,2.96,1.7,3.87,11.46,6.48,11.02
36,600058,1.89,0.97,8.1,15.3,15.15,14.77
37,600059,1.63,1.19,6.28,10.26,8.83,10.54
38,600060,15.82,7.85,1.09,17.24,2.29,17.98
39,600061,6.37,3.16,2.45,15.61,4.77,15.09
40,600062,5.53,2.83,4.15,22.93,8.19,23.2
41,600063,4.47,2.13,1.07,4.78,2.29,4.88
42,600064,6.87,3.19,2.46,16.89,5.47,17.44
43,600066,43.0,22.1,0.45,19.35,0.94,20.77
44,600067,3.07,1.51,2.33,7.16,4.6,6.96
45,600068,6.56,4.29,1.4,9.18,2.71,11.62
46,600069,4.59,2.18,2.77,12.71,4.87,10.63
47,600070,22.48,8.41,0.63,14.16,1.62,13.63
48,600071,4.75,2.47,5.05,24.0,8.88,21.9
49,600072,4.15,1.97,4.34,18.02,9.78,19.23
50,600073,3.28,1.93,3.51,11.53,5.56,10.72
51,600075,1.83,1.42,6.8,12.41,9.91,14.05
52,600076,5.76,2.28,1.65,9.51,4.47,10.18
53,600077,2.37,1.36,2.32,5.5,3.77,5.14
54,600078,2.02,0.94,3.53,7.14,7.98,7.53
55,600079,16.14,8.44,1.22,19.69,2.4,20.25
56,600080,4.73,2.22,2.67,12.63,5.23,11.63
57,600082,2.24,1.8,3.4,7.61,4.45,8.02
58,600084,2.19,1.4,5.38,11.77,8.2,11.45
59,600085,7.32,5.46,4.26,31.17,5.86,32.02
60,600086,4.29,2.78,2.54,10.9,3.86,10.73
61,600088,2.21,1.55,9.91,21.92,12.8,19.78
62,600091,2.78,1.46,4.23,11.77,6.08,8.87
63,600093,7.05,2.88,1.97,13.89,4.88,14.07
64,600094,3.13,1.39,2.78,8.7,6.01,8.35
65,600095,4.47,1.98,2.9,12.96,6.63,13.15
66,600096,0.8,0.49,11.88,9.48,18.1,8.92
67,600097,6.16,2.69,3.47,21.36,7.39,19.9
68,600098,2.87,1.33,3.88,11.15,7.22,9.59
69,600099,6.44,2.03,2.91,18.74,8.28,16.81
70,600100,3.71,1.66,3.75,13.9,8.38,13.89
71,600104,24.13,5.44,0.99,23.89,4.47,24.33
72,600105,8.41,4.19,1.23,10.35,2.29,9.6
73,600106,5.88,3.07,1.21,7.12,2.46,7.55
74,600107,6.35,1.58,2.89,18.35,9.07,14.36
75,600108,2.92,1.07,2.01,5.86,4.88,5.22
76,600110,4.13,2.9,2.63,10.86,4.34,12.57
77,600111,18.49,8.66,0.67,12.39,1.45,12.56
78,600112,7.44,4.32,1.49,11.08,2.56,11.06
79,600113,11.93,5.91,1.76,21.0,3.22,19.04
80,600116,10.79,5.98,0.87,9.39,1.77,10.58
81,600117,1.4,0.92,3.96,5.55,6.15,5.65
82,600118,5.73,4.39,5.54,31.73,7.31,32.1
83,600119,8.3,3.4,2.42,20.09,5.72,19.46
84,600120,17.13,6.74,1.67,28.6,4.29,28.93
85,600121,1.51,0.9,3.62,5.47,5.84,5.23
86,600122,3.49,2.15,3.5,12.22,5.95,12.82
87,600123,1.65,1.45,4.87,8.03,5.44,7.89
88,600125,2.39,1.62,3.66,8.73,5.73,9.3
89,600126,3.43,2.01,2.48,8.5,3.99,8.03
90,600127,2.41,1.23,2.81,6.77,5.85,7.2
91,600128,4.4,1.51,3.49,15.37,9.69,14.6
92,600129,5.15,2.34,3.38,17.4,7.75,18.14
93,600130,2.89,1.44,3.35,9.67,5.7,8.22
94,600132,1.45,0.92,12.57,18.22,23.0,21.18
95,600135,3.87,1.63,3.59,13.88,9.11,14.88
96,600136,10.77,5.98,1.56,16.8,2.81,16.79
97,600138,3.66,2.64,5.76,21.11,8.25,21.77
98,600141,5.8,3.32,2.69,15.6,4.37,14.5
99,600143,1.61,0.85,4.8,7.73,9.13,7.74
100,600148,7.64,4.95,3.77,28.81,6.61,32.7
101,600150,2.23,0.85,12.59,28.1,31.64,26.91
102,600153,6.2,3.76,1.73,10.72,2.88,10.82
103,600156,4.17,1.6,2.84,11.85,6.67,10.68
104,600159,1.83,1.4,2.93,5.37,3.94,5.52
105,600160,6.19,4.42,1.71,10.59,2.62,11.59
106,600162,2.19,1.12,1.81,3.97,3.43,3.85
107,600163,2.53,1.5,2.17,5.5,3.8,5.69
108,600165,10.56,7.17,1.15,12.14,2.08,14.91
109,600166,7.35,2.49,0.43,3.16,1.29,3.21
110,600168,3.21,2.02,3.29,10.55,5.15,10.41
111,600169,2.45,1.7,1.65,4.05,2.52,4.28
112,600170,10.13,4.04,0.47,4.76,1.19,4.81
113,600172,7.19,4.36,2.44,17.54,4.19,18.27
114,600175,5.65,2.64,0.89,5.03,1.8,4.76
115,600176,5.27,3.44,1.87,9.85,3.01,10.35
116,600177,5.8,2.26,2.41,13.97,6.13,13.88
117,600178,2.72,1.68,4.06,11.05,7.23,12.15
118,600179,4.79,2.89,3.12,14.95,5.6,16.21
119,600180,2.92,1.83,4.65,13.6,7.59,13.87
120,600182,19.48,4.61,1.54,30.0,6.32,29.12
121,600183,2.52,2.01,4.38,11.05,6.58,13.21
122,600184,6.03,2.99,3.55,21.42,7.92,23.66
123,600185,9.11,4.75,0.64,5.83,1.23,5.84
124,600188,2.38,1.59,4.52,10.75,6.59,10.46
125,600189,1.78,1.55,7.45,13.26,7.39,11.46
126,600190,1.28,0.89,3.28,4.2,4.87,4.33
127,600191,3.83,1.47,3.66,14.0,7.33,10.77
128,600192,2.18,1.4,4.37,9.53,7.19,10.05
129,600193,7.04,3.89,1.49,10.49,2.55,9.92
130,600195,2.22,1.48,9.59,21.28,13.73,20.31
131,600196,14.6,9.2,1.61,23.51,2.98,27.42
132,600197,4.11,3.16,3.55,14.6,6.38,20.18
133,600198,1.26,0.81,12.65,15.94,20.31,16.5
134,600199,7.04,3.96,1.3,9.15,2.6,10.29
135,600200,6.67,3.0,2.88,19.22,5.6,16.82
136,600201,19.24,10.54,1.6,30.78,3.24,34.15
137,600203,3.61,2.1,3.27,11.81,5.18,10.9
138,600206,2.77,1.63,3.63,10.05,6.14,10.02
139,600207,3.33,1.97,2.72,9.06,4.82,9.5
140,600208,2.16,1.65,1.92,4.14,3.01,4.96
141,600209,6.99,3.29,2.09,14.61,4.2,13.83
142,600215,3.83,2.09,3.86,14.79,5.7,11.94
143,600216,50.88,8.36,0.25,12.72,1.46,12.21
144,600217,4.25,2.06,1.96,8.33,4.23,8.72
145,600218,4.43,1.95,2.47,10.93,5.55,10.81
146,600219,1.01,0.61,3.08,3.12,5.41,3.28
147,600220,2.01,1.07,2.17,4.37,3.9,4.18
148,600221,1.92,1.3,1.7,3.27,2.59,3.36
149,600222,2.7,1.33,3.14,8.47,6.13,8.18
150,600223,2.62,1.06,2.1,5.51,5.35,5.69
151,600226,15.03,7.34,0.7,10.52,1.43,10.5
152,600227,3.03,1.95,2.37,7.18,3.76,7.34
153,600228,6.76,2.94,2.88,19.46,5.09,14.97
154,600229,3.33,1.77,3.45,11.49,6.25,11.04
155,600230,4.61,1.71,5.07,23.39,15.85,27.15
156,600231,1.58,1.2,1.73,2.73,2.7,3.25
157,600232,3.21,1.43,3.98,12.76,8.1,11.6
158,600233,19.84,7.37,1.29,25.6,3.23,23.8
159,600235,3.4,1.63,3.15,10.7,6.18,10.08
160,600236,2.18,1.1,2.79,6.09,5.77,6.36
161,600237,2.62,1.55,3.17,8.3,5.19,8.02
162,600238,7.92,3.65,1.57,12.44,3.31,12.09
163,600240,5.96,3.36,1.8,10.73,3.35,11.25
164,600241,5.58,3.25,2.85,15.9,5.13,16.66
165,600243,2.81,1.77,3.81,10.72,6.16,10.9
166,600247,4.75,2.83,3.2,15.21,5.23,14.78
167,600249,3.32,2.07,3.12,10.35,5.23,10.84
168,600250,4.49,2.23,3.5,15.72,6.52,14.51
169,600251,5.09,2.48,1.6,8.14,3.32,8.25
170,600255,4.44,2.51,1.04,4.62,1.96,4.92
171,600257,4.25,2.18,2.56,10.87,4.51,9.84
172,600259,23.62,12.37,1.79,42.28,3.77,46.63
173,600260,4.73,4.43,3.25,15.37,4.94,21.9
174,600261,8.39,4.99,0.87,7.3,1.49,7.43
175,600262,4.37,2.95,6.9,30.13,11.85,34.91
176,600265,7.59,5.03,4.19,31.81,6.48,32.6
177,600266,2.09,1.82,6.34,13.27,7.8,14.21
178,600267,5.33,3.05,2.48,13.21,4.5,13.72
179,600268,3.38,1.89,2.7,9.12,4.32,8.16
180,600269,1.63,1.18,3.11,5.07,4.53,5.34
181,600270,3.19,1.58,5.24,16.72,10.87,17.15
182,600271,5.13,3.6,3.96,20.31,5.5,19.8
183,600273,4.06,2.08,2.38,9.66,4.46,9.29
184,600275,5.74,1.96,2.85,16.35,7.2,14.1
185,600276,11.86,12.53,3.88,46.01,4.24,53.11
186,600277,4.42,2.86,1.64,7.25,2.74,7.83
187,600278,5.19,2.79,3.19,16.57,5.5,15.37
188,600279,2.59,1.48,2.8,7.26,5.12,7.56
189,600280,8.92,5.2,0.97,8.65,1.56,8.11
190,600281,2.66,1.6,2.89,7.69,5.06,8.11
191,600282,1.92,1.06,1.64,3.15,3.48,3.7
192,600283,3.61,1.88,3.46,12.48,6.55,12.32
193,600284,5.46,2.99,2.41,13.15,4.11,12.3
194,600285,17.03,6.99,0.74,12.6,1.75,12.24
195,600287,5.22,1.19,2.04,10.64,8.02,9.57
196,600288,4.9,2.11,3.05,14.96,6.53,13.75
197,600289,2.33,1.66,5.63,13.14,7.75,12.87
198,600292,5.32,2.42,2.33,12.4,4.87,11.79
199,600293,7.53,3.88,2.4,18.08,4.7,18.23
200,600295,2.78,1.74,3.47,9.65,6.03,10.48
201,600297,4.47,3.31,1.91,8.54,2.81,9.31
202,600298,5.05,4.93,3.5,17.67,4.33,21.36
203,600299,1.05,0.64,13.64,14.34,22.03,14.15
204,600300,4.04,2.24,1.67,6.74,2.9,6.49
205,600301,3.74,2.06,3.55,13.27,6.35,13.07
206,600302,1.83,1.4,5.93,10.83,7.65,10.7
207,600305,4.67,2.74,2.48,11.57,4.01,10.98
208,600306,4.6,2.47,3.8,17.49,6.45,15.95
209,600307,1.47,0.98,1.86,2.74,3.15,3.09
210,600308,0.8,0.77,6.87,5.51,7.57,5.85
211,600309,2.35,1.77,9.65,22.7,14.84,26.23
212,600310,6.8,3.49,1.33,9.04,2.52,8.8
213,600311,5.31,2.8,1.4,7.43,2.45,6.85
214,600312,2.68,2.31,5.88,15.77,7.13,16.47
215,600315,15.55,7.27,1.73,26.91,4.05,29.45
216,600316,2.32,1.65,8.78,20.35,12.5,20.65
217,600317,3.2,2.03,1.09,3.49,1.71,3.47
218,600318,9.01,4.31,3.44,31.0,6.95,29.97
219,600319,2.1,1.61,4.87,10.23,7.32,11.77
220,600320,0.6,0.44,8.46,5.07,12.1,5.31
221,600321,7.46,3.33,0.9,6.71,1.69,5.63
222,600323,5.33,3.13,2.7,14.38,4.52,14.17
223,600325,1.87,1.43,7.0,13.1,9.41,13.46
224,600326,2.57,2.3,3.32,8.52,4.61,10.61
225,600327,2.03,1.73,4.62,9.37,5.43,9.42
226,600328,3.26,1.84,4.02,13.12,6.74,12.43
227,600329,10.93,6.65,1.62,17.7,2.89,19.23
228,600330,2.3,1.46,4.61,10.58,7.41,10.82
229,600332,3.66,2.74,6.48,23.71,10.59,29.02
230,600333,2.1,1.32,3.78,7.92,6.23,8.22
231,600335,12.75,5.93,0.95,12.11,2.2,13.04
232,600336,5.12,1.98,1.55,7.93,3.69,7.32
233,600337,2.76,1.62,5.25,14.47,8.77,14.19
234,600338,7.09,3.52,4.08,28.92,8.77,30.84
235,600339,2.88,1.44,2.58,7.42,5.31,7.62
236,600340,-33.33,-92.07,-0.72,24.0,-0.29,26.7
237,600343,5.54,3.52,4.01,22.23,6.24,21.97
238,600345,4.15,2.69,5.54,22.97,8.74,23.55
239,600348,3.88,2.92,1.75,6.79,2.32,6.77
240,600350,2.27,1.36,2.92,6.63,5.04,6.85
241,600351,14.57,6.95,0.67,9.76,1.29,8.97
242,600352,35.23,8.71,0.26,9.16,1.07,9.32
243,600353,9.69,6.55,0.95,9.21,1.59,10.41
244,600354,3.97,2.21,2.33,9.25,3.7,8.17
245,600355,6.09,3.18,1.59,9.68,3.0,9.55
246,600356,3.06,1.92,4.0,12.22,6.58,12.64
247,600358,2.43,1.39,4.19,10.2,7.55,10.53
248,600359,2.77,1.6,3.42,9.46,5.85,9.37
249,600360,1.65,1.31,5.45,8.98,6.85,8.98
250,600361,0.46,0.46,15.77,7.24,15.21,7.05
251,600362,2.04,1.09,8.24,16.8,16.12,17.63
252,600363,4.56,2.45,3.62,16.51,7.43,18.2
253,600365,3.38,2.34,3.32,11.23,5.01,11.71
254,600366,9.16,4.61,2.17,19.88,4.41,20.32
255,600367,3.06,1.58,4.48,13.72,8.63,13.62
256,600368,3.1,1.9,1.85,5.73,3.26,6.21
257,600370,5.17,2.36,1.33,6.88,2.55,6.03
258,600371,2.85,1.86,5.81,16.54,8.52,15.83
259,600372,15.16,7.79,1.26,19.1,2.47,19.25
260,600373,59.18,17.69,0.34,20.12,1.26,22.29
261,600375,2.34,1.38,3.03,7.08,6.08,8.36
262,600376,6.3,3.11,1.87,11.79,3.9,12.11
263,600377,4.38,2.68,1.95,8.55,3.43,9.2
264,600378,5.77,2.24,2.62,15.12,6.27,14.02
265,600379,5.43,3.76,3.89,21.11,5.99,22.51
266,600380,5.87,3.27,1.7,9.98,2.91,9.51
267,600381,2.23,0.87,7.01,15.61,19.04,16.61
268,600382,4.07,2.76,4.44,18.07,5.74,15.82
269,600383,4.48,4.42,2.9,13.0,2.5,11.05
270,600386,1.96,1.32,6.88,13.48,11.0,14.52
271,600387,6.19,5.05,2.25,13.93,3.55,17.94
272,600388,11.26,6.17,1.11,12.5,2.11,13.02
273,600389,9.8,4.92,2.06,20.19,3.9,19.2
274,600390,6.24,2.87,2.29,14.28,5.26,15.12
275,600391,7.18,3.72,5.03,36.1,9.7,36.05
276,600392,5.48,3.58,2.39,13.1,3.86,13.8
277,600393,4.43,2.6,3.5,15.5,6.0,15.6
278,600395,-7.76,-158.8,-1.04,8.07,-0.05,7.94
279,600396,2.03,0.96,2.56,5.19,5.42,5.18
280,600397,6.19,2.37,0.84,5.2,2.21,5.24
281,600398,7.79,3.53,1.37,10.67,2.94,10.39
282,600399,5.76,2.87,1.2,6.91,2.52,7.23
283,600401,3.52,1.41,0.66,2.32,1.64,2.31
284,600403,2.58,1.25,2.2,5.67,4.25,5.33
285,600405,5.99,3.07,1.87,11.21,3.55,10.91
286,600408,2.14,1.12,2.44,5.23,3.85,4.3
287,600409,7.99,3.85,1.19,9.51,2.37,9.12
288,600410,2.21,1.44,4.94,10.91,7.01,10.1
289,600415,4.26,3.89,2.0,8.52,2.02,7.85
290,600416,2.81,1.75,5.25,14.77,9.79,17.16
291,600418,4.16,2.15,2.81,11.68,5.44,11.69
292,600420,6.76,4.48,4.69,31.7,7.49,33.57
293,600422,15.44,5.73,0.87,13.43,2.24,12.84
294,600423,1.65,0.84,5.71,9.42,8.62,7.28
295,600425,3.94,3.17,1.19,4.69,2.0,6.33
296,600426,3.88,2.19,3.42,13.27,5.78,12.63
297,600428,1.3,0.93,4.72,6.15,7.44,6.9
298,600429,2.9,1.58,2.72,7.9,5.1,8.06
299,600433,9.45,4.99,0.85,8.03,1.49,7.43
300,600435,16.23,9.41,0.81,13.15,1.62,15.25
301,600436,10.21,7.98,4.45,45.44,6.1,48.68
302,600438,2.25,1.42,2.85,6.4,4.45,6.3
303,600444,5.56,3.43,4.11,22.87,6.22,21.31
304,600446,16.68,9.71,1.52,25.35,2.32,22.53
305,600448,3.15,1.39,2.51,7.91,5.37,7.48
306,600449,7.17,4.52,1.72,12.34,3.0,13.55
307,600452,12.12,7.21,3.47,42.04,6.35,45.77
308,600455,7.66,3.95,7.65,58.61,12.85,50.76
309,600456,0.6,0.59,27.7,16.75,39.85,23.52
310,600458,3.24,2.15,4.41,14.28,6.68,14.37
311,600459,2.56,1.59,9.05,23.2,15.18,24.1
312,600460,1.99,1.46,3.14,6.26,4.46,6.51
313,600461,6.12,3.31,1.24,7.59,2.33,7.71
314,600463,5.39,3.31,2.83,15.24,4.53,15.0
315,600467,1.99,1.46,2.33,4.64,2.89,4.21
316,600468,5.39,3.04,2.42,13.04,4.18,12.72
317,600469,5.07,2.44,2.29,11.62,4.9,11.94
318,600470,2.37,1.48,3.53,8.38,5.33,7.88
319,600475,2.34,1.56,8.38,19.6,12.64,19.78
320,600476,7.08,2.84,4.43,31.35,10.28,29.2
321,600479,5.3,2.59,2.94,15.58,6.34,16.41
322,600481,95.0,6.73,0.08,7.6,1.24,8.35
323,600482,10.91,4.82,2.84,30.98,6.61,31.86
324,600483,5.89,2.59,1.89,11.13,4.38,11.34
325,600486,14.1,6.94,2.66,37.5,5.45,37.81
326,600487,9.19,8.42,2.03,18.66,2.9,24.43
327,600488,2.61,1.69,2.41,6.3,3.75,6.35
328,600489,4.67,3.04,2.57,12.0,3.96,12.03
329,600490,15.02,8.51,0.53,7.96,0.93,7.91
330,600491,4.29,2.96,2.69,11.55,3.98,11.8
331,600495,1.99,1.93,3.71,7.37,4.11,7.92
332,600496,3.51,2.02,1.23,4.32,2.19,4.42
333,600497,1.88,1.18,3.79,7.12,6.12,7.2
334,600498,11.43,6.57,2.21,25.26,3.88,25.49
335,600499,31.54,7.23,0.24,7.57,1.11,8.02
336,600500,2.24,0.97,5.3,11.88,11.09,10.81
337,600501,2.14,1.14,9.51,20.33,16.61,18.92
338,600502,15.95,8.65,0.62,9.89,1.14,9.86
339,600503,8.39,2.68,0.99,8.31,3.01,8.06
340,600506,9.73,2.6,3.16,30.76,8.88,23.07
341,600507,-13.64,7.34,-0.5,6.82,0.98,7.19
342,600508,1.88,1.4,5.78,10.88,8.38,11.72
343,600509,2.37,1.04,3.18,7.54,7.81,8.09
344,600510,3.0,1.85,2.9,8.71,5.05,9.33
345,600511,9.68,6.06,3.12,30.2,5.48,33.21
346,600512,3.64,1.96,1.45,5.28,2.75,5.39
347,600513,8.96,5.2,1.87,16.75,3.09,16.06
348,600517,5.77,3.68,1.69,9.75,2.65,9.75
349,600518,21.65,12.27,0.82,17.75,1.46,17.91
350,600519,8.99,9.14,37.23,334.6,42.11,385.0
351,600520,6.2,2.82,3.95,24.5,7.79,21.98
352,600521,8.38,6.47,2.62,21.95,3.35,21.68
353,600522,12.83,8.15,0.83,10.65,1.42,11.58
354,600525,4.67,3.62,2.94,13.72,4.31,15.6
355,600526,5.4,2.56,2.31,12.47,4.7,12.05
356,600527,4.48,2.04,1.57,7.04,2.97,6.06
357,600528,4.22,2.49,3.36,14.19,6.4,15.92
358,600529,2.98,1.52,6.93,20.64,12.43,18.86
359,600530,5.95,3.16,1.27,7.56,2.25,7.1
360,600531,3.75,2.32,2.28,8.56,3.58,8.32
361,600532,5.92,3.05,2.83,16.74,4.65,14.2
362,600533,1.31,1.07,4.31,5.63,4.94,5.29
363,600535,17.61,8.15,2.3,40.51,4.87,39.7
364,600536,4.36,2.76,5.58,24.35,8.7,24.03
365,600538,5.54,2.41,2.42,13.4,5.3,12.79
366,600540,2.99,2.02,2.71,8.09,3.99,8.06
367,600543,4.95,2.87,3.0,14.86,4.92,14.13
368,600545,12.08,6.41,0.97,11.72,1.98,12.7
369,600546,2.19,1.61,1.87,4.1,3.18,5.12
370,600547,13.08,8.14,2.79,36.5,4.4,35.83
371,600548,2.84,1.59,2.97,8.43,5.43,8.61
372,600549,2.53,2.09,8.65,21.87,11.27,23.61
373,600550,1.0,0.66,6.12,6.14,10.32,6.78
374,600555,2.92,1.54,2.15,6.27,3.67,5.66
375,600556,4.42,2.36,2.7,11.93,5.05,11.93
376,600557,8.68,4.93,1.99,17.28,3.61,17.81
377,600558,4.61,2.94,1.25,5.76,2.13,6.27
378,600559,19.38,10.7,1.2,23.25,2.12,22.69
379,600560,5.54,3.18,3.06,16.96,5.2,16.53
380,600561,2.98,1.77,4.68,13.94,7.36,13.01
381,600562,32.46,16.63,0.96,31.16,1.96,32.59
382,600563,5.08,3.68,7.26,36.9,10.61,39.0
383,600565,4.61,2.97,1.59,7.33,2.27,6.75
384,600566,12.91,7.13,2.39,30.86,4.27,30.45
385,600567,2.69,1.4,1.39,3.74,2.55,3.58
386,600568,14.79,7.45,1.63,24.1,2.76,20.55
387,600569,1.15,0.69,2.6,2.99,4.72,3.27
388,600570,39.76,13.67,1.2,47.71,3.13,42.8
389,600571,12.87,6.17,1.51,19.43,3.05,18.81
390,600572,15.21,7.37,0.48,7.3,0.92,6.78
391,600573,3.21,1.97,4.78,15.35,7.41,14.59
392,600575,13.07,6.98,0.44,5.75,0.81,5.65
393,600578,5.13,1.97,0.82,4.21,2.16,4.26
394,600579,4.88,2.67,2.96,14.45,5.7,15.22
395,600580,3.15,2.0,2.89,9.11,4.31,8.61
396,600581,2.58,2.35,2.67,6.89,3.77,8.85
397,600583,1.06,1.09,7.04,7.47,6.99,7.6
398,600584,3.68,3.2,4.86,17.88,5.86,18.78
399,600585,2.46,2.37,6.99,17.18,8.89,21.1
400,600586,3.59,1.97,1.29,4.63,2.44,4.81
401,600587,6.74,4.22,3.78,25.46,5.77,24.33
402,600588,6.15,3.66,3.41,20.98,5.0,18.29
403,600589,2.52,1.32,3.51,8.86,6.49,8.58
404,600590,3.19,2.42,5.13,16.39,6.5,15.72
405,600592,2.2,2.62,5.72,12.58,6.95,18.22
406,600593,8.77,5.21,4.36,38.22,6.95,36.23
407,600594,14.51,13.29,1.14,16.54,1.36,18.07
408,600595,1.78,1.17,3.15,5.61,4.88,5.72
409,600596,1.62,0.86,6.44,10.41,11.65,10.02
410,600597,2.61,1.62,5.04,13.16,7.96,12.93
411,600598,3.33,1.77,3.82,12.71,6.45,11.43
412,600600,2.62,2.42,11.28,29.5,13.54,32.8
413,600601,1.88,1.07,2.48,4.65,4.14,4.42
414,600602,3.46,2.07,2.74,9.47,4.53,9.39
415,600603,6.59,3.17,2.27,14.95,5.29,16.76
416,600604,6.89,3.41,3.02,20.8,5.47,18.67
417,600606,2.18,1.21,4.0,8.71,6.94,8.43
418,600609,3.31,1.65,2.38,7.88,4.91,8.08
419,600611,3.39,1.85,1.94,6.58,3.39,6.28
420,600612,21.68,9.09,1.73,37.51,4.4,40.0
421,600613,1.88,1.22,7.49,14.05,12.72,15.55
422,600614,14.52,9.46,0.81,11.76,1.45,13.72
423,600616,1.22,0.81,10.52,12.79,15.85,12.9
424,600618,3.28,1.91,4.45,14.61,6.69,12.81
425,600619,4.53,2.31,3.2,14.5,5.26,12.15
426,600620,10.51,5.09,1.54,16.18,2.98,15.17
427,600621,5.56,2.19,2.63,14.61,6.39,14.0
428,600622,7.04,3.93,2.05,14.43,4.6,18.1
429,600623,2.76,1.46,4.82,13.31,8.26,12.09
430,600624,4.58,2.64,1.88,8.61,3.18,8.4
431,600628,1.53,1.15,9.24,14.12,11.23,12.91
432,600630,4.88,2.57,3.2,15.6,5.78,14.84
433,600633,6.42,4.09,2.75,17.66,4.83,19.76
434,600634,5.72,3.93,3.09,17.68,5.21,20.47
435,600635,5.97,2.92,1.01,6.03,2.25,6.56
436,600637,7.59,4.19,3.06,23.23,5.43,22.73
437,600638,3.84,1.59,4.7,18.06,12.62,20.03
438,600639,2.07,1.54,9.01,18.63,11.52,17.77
439,600640,2.93,1.28,6.81,19.98,15.43,19.7
440,600641,4.83,3.32,2.55,12.31,3.95,13.12
441,600642,1.74,0.97,3.39,5.9,6.33,6.15
442,600643,4.0,2.43,3.15,12.59,5.68,13.81
443,600647,15.69,6.65,2.87,45.02,4.99,33.2
444,600648,3.42,1.93,5.79,19.83,10.32,19.91
445,600650,4.25,2.35,5.46,23.2,9.52,22.35
446,600651,2.45,1.63,4.32,10.59,6.29,10.28
447,600652,5.16,2.39,2.51,12.95,4.7,11.23
448,600653,1.64,0.99,2.43,3.99,3.84,3.79
449,600657,2.7,1.04,2.28,6.15,5.65,5.88
450,600658,7.14,2.59,1.86,13.28,5.3,13.73
451,600660,6.24,3.99,2.96,18.48,5.31,21.21
452,600661,4.01,2.66,7.06,28.31,10.34,27.54
453,600662,5.07,1.95,2.21,11.21,5.25,10.23
454,600663,3.43,2.44,6.43,22.08,9.15,22.35
455,600664,4.43,1.34,2.0,8.86,5.92,7.95
456,600665,1.89,1.15,2.85,5.38,4.84,5.56
457,600666,12.39,7.4,2.17,26.88,3.95,29.24
458,600668,13.24,3.6,1.26,16.68,5.0,18.02
459,600671,5.45,4.43,5.66,30.82,6.93,30.68
460,600674,22.92,7.96,0.38,8.71,1.14,9.08
461,600675,1.8,1.66,3.57,6.41,4.51,7.49
462,600676,4.91,1.65,1.83,8.99,5.21,8.62
463,600678,8.26,3.96,1.82,15.04,3.57,14.12
464,600679,4.82,3.75,6.96,33.56,9.3,34.85
465,600680,3.83,2.15,7.97,30.5,12.69,27.3
466,600682,14.11,7.02,2.53,35.7,5.1,35.81
467,600683,5.37,2.9,1.66,8.91,3.07,8.89
468,600684,9.36,4.56,0.85,7.96,1.81,8.26
469,600685,2.45,1.81,12.28,30.13,17.7,32.02
470,600686,1.94,1.82,7.46,14.45,8.6,15.66
471,600688,2.72,1.69,2.37,6.44,3.83,6.46
472,600690,8.7,7.39,1.14,9.92,1.51,11.16
473,600692,6.27,3.97,2.66,16.68,4.4,17.45
474,600693,4.43,3.63,2.27,10.06,3.38,12.26
475,600694,1.74,1.4,23.25,40.5,30.43,42.51
476,600695,2.71,1.58,3.55,9.62,6.13,9.69
477,600696,4.3,1.91,2.54,10.93,4.91,9.4
478,600697,4.75,2.43,6.89,32.7,13.89,33.8
479,600698,3.48,2.44,2.16,7.51,4.85,11.85
480,600699,16.49,5.78,2.02,33.3,5.54,32.03
481,600702,4.62,3.91,4.85,22.43,7.01,27.38
482,600703,-30.49,-54.34,-0.45,13.72,-0.29,15.76
483,600704,9.9,2.71,1.05,10.4,3.89,10.56
484,600705,56.18,9.92,0.11,6.18,0.63,6.25
485,600706,5.03,3.02,3.96,19.93,6.76,20.43
486,600707,3.21,1.55,2.82,9.06,5.5,8.5
487,600708,3.88,1.87,2.32,8.99,4.9,9.17
488,600713,3.33,1.84,2.4,7.98,4.28,7.86
489,600714,3.36,1.52,4.52,15.18,9.2,13.97
490,600715,21.15,9.48,1.04,22.0,2.39,22.65
491,600716,3.71,1.4,2.13,7.9,5.25,7.33
492,600717,1.32,0.85,7.66,10.14,13.0,11.11
493,600718,2.23,1.47,8.72,19.48,13.49,19.81
494,600719,4.5,2.43,1.85,8.33,3.43,8.35
495,600720,3.99,2.68,2.05,8.17,3.82,10.23
496,600722,6.05,2.35,1.95,11.8,4.48,10.52
497,600723,2.37,1.48,4.03,9.57,6.72,9.95
498,600724,1.79,1.05,3.35,6.0,5.58,5.85
499,600726,1.7,1.02,2.94,4.99,4.85,4.94
500,600727,2.54,1.6,4.23,10.74,6.33,10.14
501,600728,11.83,4.32,0.72,8.52,2.06,8.9
502,600729,2.29,1.49,10.33,23.64,17.46,26.05
503,600730,7.89,4.69,1.58,12.47,2.55,11.95
504,600731,3.86,1.62,2.76,10.65,7.24,11.7
505,600736,4.32,2.79,2.03,8.77,3.05,8.51
506,600738,3.01,1.39,3.23,9.72,7.06,9.84
507,600739,2.9,1.95,6.3,18.27,8.94,17.39
508,600740,1.9,1.34,4.13,7.85,5.71,7.66
509,600741,-25.49,11.49,-0.63,16.06,1.43,16.43
510,600742,34.74,11.4,0.47,16.33,1.71,19.5
511,600744,1.86,0.93,2.83,5.26,5.55,5.15
512,600746,4.23,1.7,3.02,12.77,7.04,12.0
513,600748,1.43,1.1,5.79,8.28,7.35,8.09
514,600749,4.29,2.67,5.5,23.6,7.75,20.7
515,600751,4.55,2.44,1.92,8.73,3.23,7.89
516,600754,3.86,2.68,7.57,29.23,11.0,29.46
517,600755,2.98,1.8,2.79,8.31,4.86,8.73
518,600756,6.02,3.33,3.85,23.18,6.45,21.47
519,600760,10.84,8.59,1.96,21.25,4.1,35.21
520,600761,1.12,1.22,11.38,12.69,12.06,14.72
521,600763,14.05,5.17,2.26,31.76,5.55,28.7
522,600764,6.22,4.88,4.55,28.3,6.65,32.47
523,600765,5.1,2.73,2.88,14.69,5.6,15.28
524,600766,7.55,3.07,2.37,17.9,5.38,16.51
525,600767,4.36,2.16,3.56,15.51,5.88,12.72
526,600769,3.67,2.11,3.26,11.96,5.2,10.98
527,600770,3.03,2.1,3.35,10.16,4.55,9.55
528,600771,6.54,4.93,5.06,33.08,7.95,39.2
529,600774,5.87,3.46,3.84,22.55,6.72,23.27
530,600775,2.81,2.03,4.99,14.01,7.41,15.01
531,600776,2.09,1.17,4.12,8.62,6.97,8.17
532,600777,5.58,2.73,0.71,3.96,1.27,3.47
533,600778,5.94,2.52,1.91,11.34,4.38,11.03
534,600779,1.83,2.08,10.49,19.2,12.25,25.54
535,600780,2.29,1.14,2.45,5.6,5.24,5.96
536,600781,5.44,2.42,3.47,18.89,7.7,18.63
537,600783,19.98,8.95,1.15,22.98,2.69,24.08
538,600784,5.11,2.1,1.9,9.7,4.24,8.9
539,600785,7.17,3.91,3.72,26.69,6.43,25.15
540,600787,3.23,1.91,2.83,9.14,4.67,8.92
541,600789,3.28,2.1,2.93,9.62,4.68,9.81
542,600790,2.68,1.6,2.72,7.29,4.35,6.98
543,600791,3.94,2.09,2.11,8.32,4.01,8.39
544,600792,2.72,1.23,2.12,5.77,4.51,5.56
545,600793,6.55,5.34,4.82,31.57,7.69,41.05
546,600794,13.27,6.06,0.48,6.37,0.9,5.45
547,600795,4.42,1.9,0.72,3.18,1.69,3.21
548,600798,2.76,1.33,1.95,5.38,4.24,5.64
549,600800,2.5,1.69,4.11,10.28,6.67,11.25
550,600801,3.96,3.16,1.95,7.72,3.29,10.4
551,600802,3.7,2.34,2.75,10.17,5.39,12.61
552,600803,4.33,2.31,3.26,14.13,5.94,13.7
553,600804,9.09,4.81,2.42,22.0,4.3,20.68
554,600805,7.37,2.99,1.16,8.55,2.89,8.65
555,600808,0.69,0.57,4.16,2.85,5.61,3.21
556,600809,2.02,2.4,12.28,24.78,13.18,31.62
557,600810,2.6,1.36,4.01,10.43,7.29,9.91
558,600811,1.72,1.04,4.19,7.19,6.81,7.11
559,600812,2.74,1.3,2.29,6.27,4.74,6.15
560,600817,3.3,1.86,6.4,21.1,9.9,18.44
561,600818,6.58,3.62,5.09,33.5,8.6,31.16
562,600819,2.26,1.25,3.59,8.11,6.53,8.19
563,600820,5.74,3.13,1.92,11.03,3.52,11.0
564,600821,3.65,1.59,3.28,11.98,7.15,11.37
565,600822,3.38,2.01,5.77,19.5,8.77,17.62
566,600823,3.59,2.37,1.99,7.15,3.07,7.28
567,600824,3.39,1.97,2.14,7.26,3.49,6.86
568,600826,4.85,3.31,5.67,27.5,7.97,26.35
569,600827,2.55,1.81,5.57,14.18,9.11,16.46
570,600828,3.05,2.13,2.79,8.5,4.22,9.0
571,600829,2.42,1.52,6.29,15.2,9.89,15.01
572,600830,4.25,2.19,2.71,11.52,5.31,11.64
573,600831,2.23,1.57,5.88,13.14,8.11,12.77
574,600833,8.2,4.25,2.5,20.51,4.62,19.65
575,600834,3.04,1.79,4.97,15.13,8.26,14.75
576,600835,3.3,2.15,5.98,19.76,9.81,21.06
577,600836,5.15,3.64,1.68,8.65,2.66,9.69
578,600837,10.78,1.49,1.45,15.63,9.92,14.83
579,600838,6.09,2.9,3.01,18.32,5.55,16.1
580,600839,1.95,1.4,2.16,4.22,3.08,4.31
581,600841,3.62,2.1,4.36,15.78,7.01,14.75
582,600843,3.82,1.97,4.9,18.7,8.37,16.52
583,600845,5.2,3.11,3.49,18.15,5.81,18.07
584,600846,7.14,3.22,1.3,9.28,2.81,9.05
585,600847,7.73,3.48,3.44,26.58,6.4,22.28
586,600848,7.26,2.88,2.67,19.39,6.91,19.88
587,600850,13.43,5.4,1.81,24.31,4.32,23.34
588,600851,3.57,1.66,3.58,12.77,6.99,11.58
589,600853,2.48,1.45,2.78,6.9,4.88,7.07
590,600854,2.07,1.21,3.63,7.5,6.68,8.07
591,600856,9.17,4.71,1.5,13.75,2.41,11.35
592,600857,7.65,2.54,2.6,19.88,6.9,17.5
593,600858,1.33,1.14,7.17,9.53,8.72,9.97
594,600860,3.16,1.65,3.58,11.31,5.42,8.95
595,600861,2.57,1.53,6.09,15.66,9.89,15.09
596,600863,5.62,1.98,0.55,3.09,1.61,3.19
597,600864,6.04,3.11,1.85,11.17,3.31,10.28
598,600865,1.97,1.12,6.95,13.71,11.89,13.3
599,600866,3.35,1.47,2.11,7.07,4.94,7.28
600,600867,13.01,7.35,1.67,21.73,2.91,21.39
601,600868,2.71,1.24,2.2,5.96,4.4,5.46
602,600870,2.01,1.29,4.61,9.28,7.27,9.39
603,600871,2.44,0.97,1.68,4.1,3.85,3.72
604,600872,6.13,3.72,2.3,14.1,4.15,15.42
605,600874,2.56,1.38,3.21,8.22,6.03,8.3
606,600877,4.44,1.85,2.15,9.55,4.86,8.97
607,600879,1.8,1.54,8.88,15.94,11.48,17.64
608,600880,3.02,1.87,2.9,8.75,4.34,8.11
609,600881,1.37,1.0,4.03,5.53,6.02,6.01
610,600882,4.38,1.96,2.46,10.78,5.43,10.64
611,600883,2.96,1.59,5.44,16.12,9.18,14.63
612,600884,5.88,3.56,2.4,14.12,4.11,14.64
613,600885,9.38,4.56,3.39,31.81,7.38,33.67
614,600886,3.55,2.3,1.88,6.67,3.32,7.62
615,600887,7.94,8.0,2.22,17.63,2.31,18.48
616,600889,6.11,3.07,2.12,12.96,4.23,12.99
617,600891,8.11,2.61,1.15,9.33,3.56,9.28
618,600894,7.0,3.25,1.96,13.72,4.23,13.76
619,600895,3.15,1.96,5.62,17.73,8.87,17.38
620,600896,4.16,1.61,2.93,12.18,6.34,10.23
621,600897,4.08,2.74,5.59,22.8,9.13,25.03
622,600900,3.27,2.38,3.85,12.6,5.51,13.13
623,600960,4.11,2.24,2.18,8.95,3.94,8.83
624,600961,1.3,0.78,8.6,11.2,14.96,11.67
625,600962,4.29,2.52,4.73,20.3,7.14,18.02
626,600963,1.17,0.89,6.96,8.12,9.85,8.78
627,600965,6.22,3.23,2.14,13.32,4.34,14.0
628,600966,2.15,1.79,1.76,3.78,2.67,4.77
629,600967,9.26,5.07,1.48,13.7,2.83,14.35
630,600969,5.52,2.83,3.36,18.56,6.01,16.98
631,600970,2.95,2.11,2.43,7.16,3.51,7.41
632,600975,7.34,4.35,1.21,8.88,1.95,8.48
633,600976,8.09,4.68,3.95,31.95,6.86,32.13
634,600978,2.02,1.92,5.13,10.38,5.96,11.45
635,600980,4.59,2.2,5.31,24.36,10.06,22.18
636,600981,5.81,2.12,1.47,8.54,4.14,8.78
637,600982,5.05,2.61,1.1,5.56,2.15,5.62
638,600984,2.65,1.29,3.28,8.68,8.0,10.3
639,600985,7.95,4.66,1.88,14.95,3.36,15.65
640,600986,8.78,5.33,1.75,15.36,3.11,16.58
641,600987,29.83,7.51,0.41,12.23,1.7,12.77
642,600990,14.91,7.24,4.95,73.8,9.79,70.9
643,600992,4.26,2.29,4.03,17.16,7.16,16.38
644,600993,6.81,4.49,2.96,20.15,4.85,21.8
645,600995,5.27,3.17,2.6,13.69,4.04,12.82
646,600997,2.37,1.52,2.97,7.05,4.4,6.71
647,601001,1.7,1.2,3.63,6.18,5.1,6.11
648,601006,1.62,0.72,4.45,7.23,9.72,7.02
649,601111,1.49,1.16,4.83,7.2,6.88,8.01
650,601333,0.84,0.73,6.32,5.3,7.03,5.15
651,601398,1.13,1.45,3.92,4.41,3.21,4.65
652,601588,0.66,0.72,6.26,4.16,7.79,5.62
653,601607,5.02,2.61,3.94,19.78,8.55,22.3
654,601666,1.39,1.28,3.55,4.93,4.49,5.76
655,601699,5.76,3.74,1.38,7.95,2.29,8.57
656,601872,0.73,0.67,6.82,4.96,7.82,5.22
657,601988,0.93,1.02,3.69,3.45,3.53,3.59
658,601991,0.97,1.05,3.94,3.83,4.43,4.67
659,000001,3.0,2.04,3.05,9.14,4.48,9.14
660,000002,5.01,4.6,4.08,20.45,4.55,20.95
661,000004,11.03,5.72,3.99,44.01,6.85,39.2
662,000005,2.76,1.3,2.46,6.8,5.01,6.53
663,000006,5.32,4.19,1.8,9.57,2.03,8.5
664,000007,11.06,4.76,2.35,26.0,5.0,23.81
665,000008,19.42,10.11,0.48,9.32,0.83,8.39
666,000011,6.4,2.95,2.98,19.08,5.39,15.92
667,000012,2.93,1.79,3.87,11.35,6.19,11.08
668,000014,4.57,3.1,4.59,20.97,6.0,18.63
669,000016,4.73,2.89,0.96,4.54,1.54,4.45
670,000018,7.99,4.47,1.29,10.31,2.32,10.38
671,000019,5.75,3.31,2.83,16.27,4.73,15.65
672,000021,2.18,1.27,4.37,9.54,7.63,9.71
673,000022,1.52,1.27,12.63,19.23,15.9,20.12
674,000023,7.45,3.99,4.18,31.15,7.53,30.02
675,000025,15.2,7.19,3.66,55.63,6.98,50.17
676,000026,5.1,2.35,2.7,13.78,6.28,14.75
677,000027,2.07,1.21,3.34,6.91,5.74,6.95
678,000028,11.59,7.18,5.79,67.1,10.1,72.51
679,000031,2.24,1.48,4.02,9.0,5.57,8.23
680,000032,5.75,3.31,2.56,14.73,4.74,15.71
681,000034,14.54,4.71,1.52,22.1,5.19,24.45
682,000036,1.84,1.06,4.57,8.4,7.82,8.32
683,000037,2.61,1.75,4.21,11.0,7.27,12.71
684,000038,12.94,6.72,3.57,46.18,6.0,40.31
685,000039,1.2,0.9,12.32,14.8,17.41,15.7
686,000040,4.39,2.19,2.83,12.42,5.87,12.86
687,000043,5.27,2.78,2.3,12.11,4.42,12.28
688,000045,3.85,1.83,4.16,16.02,7.31,13.39
689,000046,2.36,1.61,3.96,9.34,5.77,9.29
690,000049,15.62,11.07,2.57,40.15,4.59,50.81
691,000055,5.75,3.72,2.37,13.63,4.04,15.02
692,000056,8.8,3.48,1.48,13.02,3.65,12.71
693,000058,3.88,1.7,2.85,11.07,6.13,10.4
694,000059,3.45,1.58,3.4,11.74,7.74,12.22
695,000060,2.31,1.54,4.79,11.08,7.32,11.26
696,000061,3.51,1.96,3.56,12.5,5.73,11.25
697,000062,4.03,1.88,6.95,28.01,14.13,26.6
698,000063,1.87,1.68,8.59,16.06,10.03,16.85
699,000065,16.1,9.92,1.63,26.25,3.46,34.32
700,000066,5.91,3.09,2.09,12.35,3.51,10.85
701,000068,2.74,1.39,3.05,8.35,5.85,8.13
702,000069,1.66,2.08,4.17,6.93,3.53,7.36
703,000070,7.13,3.02,3.69,26.3,8.18,24.7
704,000078,6.52,3.48,0.97,6.32,1.85,6.44
705,000088,1.54,0.98,4.68,7.19,7.72,7.53
706,000089,1.41,1.01,5.8,8.17,8.68,8.73
707,000090,2.18,1.88,4.48,9.76,4.91,9.23
708,000096,4.32,2.55,3.45,14.9,6.38,16.24
709,000099,3.53,1.76,3.44,12.15,6.97,12.25
710,000100,3.96,1.94,0.85,3.37,1.81,3.51
711,000151,10.03,2.67,1.97,19.75,7.07,18.85
712,000153,4.38,2.23,2.94,12.89,5.62,12.52
713,000157,4.98,3.6,0.91,4.53,1.32,4.75
714,000158,4.79,2.8,2.6,12.46,4.27,11.94
715,000301,1.8,0.94,2.97,5.35,5.43,5.1
716,000400,4.38,2.65,4.2,18.39,6.39,16.96
717,000401,2.77,1.87,4.38,12.12,7.38,13.83
718,000402,1.81,2.17,5.78,10.44,4.98,10.8
719,000404,4.45,1.96,2.27,10.1,5.22,10.23
720,000407,4.95,3.24,1.85,9.15,3.42,11.09
721,000408,9.76,5.45,1.56,15.23,3.06,16.68
722,000409,6.17,2.56,2.37,14.62,5.15,13.17
723,000410,1.07,0.76,12.46,13.39,15.2,11.56
724,000413,15.48,7.14,0.73,11.3,1.43,10.21
725,000415,7.5,2.47,0.96,7.2,2.84,7.01
726,000416,4.6,1.65,2.5,11.51,6.97,11.49
727,000417,12.43,4.76,0.7,8.7,1.89,8.99
728,000419,2.6,1.67,3.1,8.07,5.1,8.51
729,000420,3.13,1.59,1.25,3.91,2.56,4.07
730,000422,3.06,1.57,2.64,8.09,4.46,7.0
731,000426,7.04,3.62,1.25,8.8,2.35,8.5
732,000428,2.32,1.06,3.12,7.25,6.74,7.17
733,000429,2.06,1.25,3.36,6.92,5.82,7.3
734,000430,4.35,2.13,2.8,12.18,5.88,12.55
735,000488,3.21,1.66,3.32,10.66,7.29,12.08
736,000498,4.17,2.09,1.96,8.18,4.1,8.57
737,000501,3.97,2.2,5.0,19.86,10.3,22.61
738,000503,5.95,3.32,7.03,41.83,9.76,32.4
739,000506,9.77,4.46,1.09,10.65,2.24,10.0
740,000507,2.45,1.47,2.6,6.37,4.83,7.11
741,000509,14.65,4.47,0.55,8.06,1.77,7.92
742,000510,4.87,1.67,2.47,12.03,6.53,10.88
743,000511,4.72,2.09,1.34,6.33,3.23,6.76
744,000513,26.74,8.76,2.2,58.83,6.28,55.0
745,000514,4.24,2.25,2.7,11.45,4.48,10.1
746,000518,4.03,1.83,2.21,8.9,4.38,8.01
747,000519,5.45,3.62,2.78,15.15,4.51,16.34
748,000523,6.41,3.62,1.79,11.48,3.1,11.23
749,000524,4.83,1.84,3.18,15.35,7.85,14.42
750,000525,2.93,1.98,6.02,17.61,9.76,19.35
751,000526,9.45,5.08,4.15,39.21,7.2,36.6
752,000528,1.0,1.03,7.39,7.36,8.44,8.69
753,000530,3.96,2.67,2.74,10.85,4.37,11.66
754,000532,7.28,3.25,2.53,18.41,5.3,17.22
755,000534,4.77,2.48,3.32,15.84,5.92,14.7
756,000537,1.57,1.45,5.9,9.25,6.83,9.93
757,000538,7.46,7.04,9.79,73.03,11.81,83.13
758,000539,1.59,0.8,3.37,5.35,6.84,5.48
759,000541,9.08,3.3,1.08,9.81,3.13,10.32
760,000543,3.72,1.56,2.05,7.63,4.5,7.02
761,000545,7.37,3.52,0.79,5.82,1.94,6.82
762,000546,3.89,2.07,2.95,11.48,5.86,12.11
763,000547,14.27,5.72,1.22,17.41,2.59,14.81
764,000548,1.72,1.01,4.8,8.28,9.41,9.5
765,000550,4.54,4.44,5.97,27.12,6.39,28.4
766,000551,3.19,2.07,3.33,10.63,5.29,10.97
767,000552,3.81,2.25,1.0,3.81,1.73,3.89
768,000553,7.35,3.38,2.0,14.7,4.39,14.84
769,000555,14.83,6.48,1.44,21.35,3.24,21.0
770,000557,3.2,1.44,1.72,5.51,4.31,6.19
771,000559,15.11,4.19,0.88,13.3,2.92,12.23
772,000561,6.34,2.68,1.96,12.43,5.44,14.6
773,000564,2.64,1.59,3.23,8.54,5.24,8.32
774,000565,8.51,4.45,1.48,12.59,2.9,12.9
775,000566,15.25,8.9,0.83,12.66,1.54,13.71
776,000567,10.03,5.26,3.77,37.8,6.19,32.53
777,000568,5.83,4.92,5.68,33.12,8.31,40.88
778,000570,3.89,1.98,2.5,9.73,4.5,8.92
779,000571,3.04,1.78,2.56,7.77,4.31,7.68
780,000572,1.72,0.65,3.13,5.39,9.14,5.92
781,000573,3.51,1.77,2.78,9.77,5.11,9.07
782,000576,5.68,3.59,2.77,15.73,4.68,16.8
783,000581,7.51,3.86,3.0,22.53,5.93,22.88
784,000585,2.72,1.65,2.58,7.02,4.93,8.12
785,000586,7.76,3.72,2.71,21.03,5.07,18.85
786,000587,20.58,7.97,0.74,15.23,1.97,15.71
787,000589,2.05,1.45,2.94,6.02,4.27,6.19
788,000593,3.31,1.61,3.43,11.34,6.48,10.46
789,000595,5.61,2.34,1.86,10.44,4.19,9.82
790,000597,3.09,1.95,3.23,9.99,6.67,13.03
791,000598,4.79,2.95,1.21,5.8,1.98,5.84
792,000599,3.21,1.81,2.48,7.97,4.54,8.21
793,000600,2.75,1.44,3.26,8.96,6.53,9.42
794,000601,3.22,1.87,2.72,8.76,4.44,8.3
795,000603,18.34,4.16,0.89,16.32,4.15,17.28
796,000605,5.59,2.02,3.8,21.26,9.87,19.9
797,000606,5.29,2.7,2.12,11.21,4.32,11.66
798,000607,4.44,2.14,2.61,11.6,4.68,10.0
799,000608,1.92,1.28,4.61,8.83,6.25,8.0
800,000610,4.19,2.43,3.55,14.86,5.83,14.16
801,000611,3.02,1.83,2.77,8.36,5.48,10.05
802,000612,3.09,1.6,3.72,11.5,6.35,10.16
803,000615,6.88,4.18,1.53,10.53,3.06,12.78
804,000616,2.81,1.9,1.87,5.26,2.64,5.01
805,000619,1.82,1.05,6.65,12.13,11.87,12.42
806,000623,3.45,2.47,8.92,30.81,12.17,30.03
807,000625,6.6,3.47,2.28,15.04,4.45,15.42
808,000627,5.54,3.06,1.41,7.81,2.45,7.49
809,000628,4.44,1.82,3.34,14.82,7.65,13.9
810,000629,1.1,0.78,2.16,2.38,3.27,2.55
811,000630,2.91,1.72,1.08,3.14,1.83,3.15
812,000632,3.3,1.58,2.56,8.45,5.51,8.68
813,000636,3.38,1.56,3.0,10.14,6.84,10.64
814,000639,16.23,9.44,1.44,23.37,2.52,23.78
815,000651,-7.9,-12.35,-3.15,24.88,-2.43,30.01
816,000652,1.52,0.55,3.69,5.6,10.49,5.8
817,000655,2.75,1.14,3.53,9.71,8.04,9.18
818,000656,4.12,2.03,1.26,5.19,2.74,5.56
819,000657,1.52,1.07,9.6,14.62,13.69,14.7
820,000662,3.17,1.98,6.63,21.05,9.44,18.72
821,000663,3.59,1.9,4.66,16.74,7.84,14.9
822,000665,3.84,2.36,3.73,14.33,6.2,14.64
823,000666,6.25,2.96,3.49,21.82,7.62,22.57
824,000667,3.57,1.14,1.04,3.71,3.26,3.72
825,000669,8.16,4.61,2.11,17.21,3.66,16.86
826,000671,23.13,12.45,0.24,5.55,0.44,5.48
827,000673,13.24,4.68,1.02,13.5,2.89,13.53
828,000677,3.98,1.79,1.82,7.25,3.39,6.08
829,000678,4.2,2.06,3.16,13.28,5.88,12.12
830,000679,8.85,3.48,1.61,14.25,3.71,12.9
831,000680,1.38,1.15,4.04,5.57,5.5,6.32
832,000681,5.93,3.13,3.23,19.16,6.3,19.75
833,000683,2.24,1.07,1.43,3.2,2.79,2.98
834,000685,11.31,3.93,0.98,11.08,2.76,10.85
835,000687,8.34,4.73,1.85,15.42,3.63,17.18
836,000688,8.97,3.79,1.02,9.15,2.43,9.2
837,000691,5.99,1.97,1.72,10.3,4.68,9.22
838,000692,5.44,2.78,1.19,6.47,2.34,6.5
839,000695,2.58,1.72,6.31,16.29,9.0,15.46
840,000698,1.87,1.27,4.15,7.78,6.42,8.13
841,000700,5.83,3.04,1.43,8.33,2.69,8.17
842,000701,2.9,1.89,5.33,15.45,7.66,14.51
843,000703,19.06,6.75,0.78,14.87,2.08,14.03
844,000705,6.98,4.29,1.86,12.99,3.0,12.88
845,000707,2.49,1.31,3.56,8.85,6.35,8.32
846,000708,3.23,1.66,3.97,12.82,7.61,12.63
847,000709,1.16,0.86,2.85,3.31,4.15,3.58
848,000710,18.3,10.14,2.85,52.15,6.3,63.88
849,000712,38.57,11.63,0.61,23.53,2.04,23.72
850,000713,3.5,1.88,3.34,11.69,5.73,10.78
851,000715,2.37,1.73,6.66,15.76,8.54,14.8
852,000717,1.65,1.02,3.53,5.82,5.72,5.85
853,000718,4.66,1.97,1.83,8.53,3.69,7.26
854,000720,2.47,1.13,2.65,6.55,5.6,6.31
855,000726,15.13,3.98,0.85,12.86,3.08,12.25
856,000729,1.74,1.38,4.03,7.01,5.33,7.37
857,000732,21.83,7.96,0.81,17.68,2.21,17.59
858,000733,3.91,2.33,4.61,18.02,8.08,18.82
859,000735,3.75,1.72,1.96,7.35,4.17,7.18
860,000737,3.04,1.65,2.51,7.62,4.4,7.28
861,000738,9.0,3.61,2.8,25.21,6.73,24.28
862,000739,3.71,2.82,2.05,7.61,3.08,8.69
863,000751,1.32,0.73,4.29,5.68,7.93,5.79
864,000752,3.4,2.24,4.98,16.92,6.99,15.69
865,000753,3.97,2.42,1.27,5.04,2.24,5.43
866,000755,1.42,0.64,5.82,8.25,12.35,7.88
867,000756,4.34,2.29,2.89,12.54,6.15,14.11
868,000758,2.61,1.58,3.09,8.05,5.32,8.38
869,000759,1.88,1.26,5.07,9.52,7.04,8.86
870,000760,4.08,2.19,2.66,10.84,4.54,9.95
871,000761,1.23,0.8,4.4,5.4,7.07,5.68
872,000762,2.46,1.86,6.98,17.15,9.13,16.96
873,000766,7.59,3.76,2.34,17.75,4.77,17.93
874,000767,0.82,0.51,4.72,3.86,7.38,3.8
875,000768,4.55,2.64,4.85,22.05,8.78,23.21
876,000777,6.16,3.28,3.66,22.54,7.19,23.55
877,000778,2.86,1.64,1.82,5.2,3.24,5.32
878,000780,1.75,1.05,3.33,5.82,5.29,5.57
879,000785,4.56,1.99,3.12,14.22,6.73,13.41
880,000786,9.17,4.39,1.13,10.36,2.77,12.17
881,000788,8.78,3.57,1.61,14.14,3.65,13.02
882,000789,5.87,3.08,1.36,7.98,3.01,9.27
883,000790,2.56,2.03,5.19,13.3,5.97,12.12
884,000791,4.67,1.33,2.57,12.0,8.44,11.22
885,000792,1.04,0.82,18.78,19.51,22.03,18.13
886,000793,1.37,0.95,8.26,11.34,11.15,10.59
887,000795,5.26,2.34,1.21,6.36,3.08,7.22
888,000796,4.3,1.78,3.55,15.25,8.6,15.28
889,000797,3.36,2.69,5.16,17.33,6.8,18.31
890,000798,4.66,2.48,2.56,11.94,5.23,12.95
891,000800,4.26,1.75,2.57,10.95,6.6,11.57
892,000801,7.95,4.92,1.35,10.73,2.36,11.62
893,000806,7.03,3.03,2.24,15.74,3.98,12.05
894,000807,1.75,1.18,3.77,6.61,6.11,7.2
895,000809,3.23,1.45,1.84,5.94,3.48,5.03
896,000810,5.86,3.49,2.4,14.07,3.93,13.72
897,000811,6.29,4.18,2.37,14.9,3.86,16.13
898,000812,6.46,3.22,1.87,12.08,3.7,11.93
899,000813,5.9,2.45,2.46,14.51,6.0,14.71
900,000815,5.31,2.7,3.82,20.28,6.79,18.3
901,000816,3.39,2.21,1.9,6.44,3.05,6.75
902,000818,6.83,3.99,1.81,12.37,3.26,13.01
903,000820,12.12,8.1,2.52,30.54,5.21,42.21
904,000822,1.57,0.72,4.53,7.13,9.24,6.62
905,000823,2.91,1.83,4.24,12.32,7.75,14.2
906,000825,0.67,0.62,5.95,3.96,7.64,4.76
907,000826,8.98,7.76,3.65,32.76,4.46,34.6
908,000828,7.51,1.66,1.69,12.69,8.58,14.2
909,000830,2.33,1.1,2.42,5.63,5.27,5.8
910,000831,3.8,2.33,3.24,12.32,5.86,13.65
911,000835,5.75,2.76,2.27,13.06,3.98,10.97
912,000836,9.23,6.19,0.77,7.11,1.32,8.17
913,000837,1.47,1.19,5.77,8.49,7.84,9.31
914,000838,6.25,3.67,1.46,9.12,2.2,8.08
915,000839,2.29,2.57,4.02,9.21,4.33,11.14
916,000848,6.52,4.74,1.73,11.28,2.35,11.13
917,000850,2.14,1.19,2.81,6.01,5.19,6.17
918,000851,1.43,1.03,8.35,11.94,12.1,12.45
919,000858,2.94,3.0,11.77,34.55,14.29,42.8
920,000859,2.84,1.47,2.06,5.86,4.41,6.49
921,000860,3.3,2.17,6.49,21.43,10.12,21.94
922,000861,8.98,4.73,0.54,4.85,0.97,4.59
923,000868,5.33,2.94,1.26,6.71,2.36,6.95
924,000869,1.24,1.14,29.19,36.24,33.08,37.6
925,000875,2.18,1.19,2.97,6.46,5.02,5.97
926,000876,3.22,2.16,2.51,8.09,3.72,8.02
927,000877,10.0,8.62,0.71,7.1,1.8,15.52
928,000878,1.2,0.87,9.89,11.87,16.76,14.64
929,000881,11.33,4.53,2.44,27.64,5.7,25.8
930,000882,1.06,0.64,4.31,4.56,6.51,4.14
931,000883,5.44,2.5,0.85,4.62,1.94,4.85
932,000885,8.35,6.06,2.24,18.71,4.39,26.6
933,000886,2.21,1.26,2.34,5.17,4.27,5.36
934,000888,3.0,2.15,4.01,12.03,5.66,12.19
935,000889,7.53,4.0,2.02,15.21,4.22,16.88
936,000890,4.24,2.22,2.83,12.01,5.04,11.18
937,000892,6.34,2.07,2.19,13.88,6.02,12.44
938,000897,1.11,0.76,3.93,4.35,6.34,4.79
939,000898,0.51,0.48,9.79,5.03,11.24,5.42
940,000899,4.4,2.07,2.13,9.37,4.64,9.61
941,000900,3.22,2.09,2.49,8.02,4.16,8.7
942,000901,6.32,3.69,5.55,35.1,9.43,34.81
943,000905,1.51,1.45,6.86,10.35,9.37,13.55
944,000906,3.28,1.8,4.64,15.21,8.53,15.35
945,000909,6.67,3.55,2.35,15.68,4.3,15.25
946,000910,2.74,2.02,6.88,18.88,10.58,21.38
947,000913,5.0,3.29,3.36,16.79,5.33,17.51
948,000915,15.54,7.81,2.8,43.51,5.35,41.8
949,000917,5.52,2.57,2.6,14.34,5.37,13.81
950,000919,4.67,2.1,2.93,13.68,6.36,13.36
951,000920,4.65,1.97,3.23,15.01,7.3,14.38
952,000925,14.08,4.79,1.73,24.36,5.12,24.5
953,000926,2.08,1.49,6.06,12.59,8.64,12.86
954,000927,1.17,0.74,5.21,6.11,9.88,7.31
955,000928,3.64,2.29,4.9,17.85,9.58,21.91
956,000929,4.53,2.59,4.25,19.26,6.84,17.71
957,000930,2.46,1.55,5.57,13.7,8.29,12.85
958,000932,1.5,0.7,4.01,6.03,7.01,4.94
959,000933,2.04,1.85,2.71,5.52,4.04,7.47
960,000936,4.18,2.6,2.36,9.86,3.61,9.37
961,000937,5.74,2.92,1.15,6.6,2.25,6.57
962,000938,7.88,4.71,7.29,57.41,12.08,56.89
963,000939,5.07,3.35,2.46,12.47,3.67,12.29
964,000948,4.62,2.64,3.83,17.7,6.37,16.83
965,000949,2.34,1.07,2.59,6.07,5.89,6.32
966,000950,3.26,1.9,2.67,8.7,4.98,9.48
967,000951,1.22,1.03,11.1,13.55,14.71,15.16
968,000952,6.1,2.74,3.2,19.51,7.46,20.41
969,000955,3.81,1.78,2.04,7.77,3.96,7.06
970,000957,16.98,6.78,0.93,15.79,2.3,15.6
971,000958,5.16,2.93,2.77,14.3,4.77,13.99
972,000959,2.49,1.45,2.78,6.91,4.87,7.06
973,000960,2.15,1.03,6.19,13.32,12.67,13.1
974,000961,16.48,6.02,0.64,10.55,1.39,8.37
975,000962,1.66,1.04,7.09,11.76,11.14,11.61
976,000963,62.02,21.59,1.16,71.94,4.02,86.8
977,000966,3.66,1.77,1.66,6.07,3.33,5.91
978,000967,9.69,6.11,1.46,14.15,2.54,15.51
979,000968,3.49,2.88,3.04,10.6,4.93,14.22
980,000969,2.14,1.54,4.94,10.58,6.71,10.36
981,000970,3.55,2.3,3.79,13.47,6.36,14.63
982,000971,8.98,4.05,2.61,23.45,5.15,20.87
983,000972,0.95,0.71,7.52,7.17,8.87,6.29
984,000973,5.36,3.18,1.41,7.56,2.85,9.05
985,000975,6.44,2.23,2.33,15.01,6.91,15.44
986,000976,4.1,2.05,2.3,9.42,4.86,9.94
987,000977,18.9,10.48,1.12,21.17,1.86,19.5
988,000978,1.53,0.93,7.47,11.43,12.19,11.33
989,000979,8.8,4.43,0.3,2.64,0.6,2.66
990,000980,7.39,2.74,2.03,15.01,5.61,15.39
991,000981,5.47,3.01,1.79,9.8,3.37,10.14
992,000983,4.39,2.48,1.92,8.42,3.64,9.01
993,000985,5.73,3.5,5.46,31.3,9.1,31.84
994,000988,6.69,3.83,2.35,15.71,4.02,15.39
995,000989,14.76,4.48,1.48,21.85,4.88,21.84
996,000990,4.17,1.73,3.74,15.6,9.18,15.92
997,000993,4.29,2.36,3.03,13.0,5.51,12.98
998,000995,3.74,2.4,4.8,17.96,6.55,15.74
999,000996,10.46,5.81,2.28,23.85,3.97,23.08
1000,000997,7.6,4.32,2.66,20.21,4.33,18.72
1001,000998,23.89,11.53,0.91,21.74,1.73,19.95
1002,000999,6.88,2.78,3.61,24.83,9.65,26.85
1003,001696,10.21,3.7,0.92,9.39,2.34,8.65
1004,001896,3.78,2.17,2.71,10.24,5.35,11.6
1005,002001,-18.79,-283.29,-1.05,19.73,-0.07,19.83
1006,002002,11.65,7.39,0.63,7.34,1.17,8.65
1007,002003,7.13,3.52,1.99,14.19,4.21,14.82
1008,002004,15.41,5.88,0.59,9.09,1.45,8.52
1009,002005,5.49,3.46,1.06,5.82,1.7,5.88
1010,002006,10.72,5.74,1.05,11.26,1.72,9.88
1011,002007,16.13,8.04,2.2,35.49,4.53,36.4
1012,002008,5.64,4.83,3.98,22.43,5.39,26.05
1013,002009,3.63,2.3,4.1,14.89,6.28,14.44
1014,002010,6.28,3.93,2.98,18.71,4.48,17.6
1015,002011,11.9,4.54,0.81,9.64,2.07,9.4
1016,002012,7.51,4.43,1.73,13.0,2.95,13.08
1017,002013,22.74,10.97,0.82,18.65,1.56,17.11
1018,002014,15.38,5.34,1.05,16.15,3.07,16.4
1019,002015,3.66,2.57,2.38,8.72,3.41,8.76
1020,002016,7.98,4.57,1.23,9.81,2.11,9.64
1021,002017,6.16,3.45,2.47,15.22,3.98,13.74
1022,002018,10.26,4.6,0.98,10.05,1.89,8.7
1023,002019,13.67,3.81,1.12,15.31,4.48,17.06
1024,002020,9.94,6.36,1.14,11.33,1.89,12.02
1025,002021,3.38,1.99,2.66,9.0,4.49,8.95
1026,002022,7.13,4.06,2.82,20.11,4.99,20.28
1027,002023,7.93,4.66,1.78,14.11,2.93,13.66
1028,002024,2.52,1.78,4.61,11.63,6.07,10.8
1029,002026,4.61,2.79,2.5,11.52,3.89,10.87
1030,002027,6.13,3.27,2.27,13.91,3.34,10.92
1031,002028,3.98,2.77,3.4,13.54,5.76,15.97
1032,002029,3.58,2.44,2.88,10.31,4.24,10.34
1033,002030,21.2,13.77,1.09,23.11,1.63,22.45
1034,002031,2.79,2.23,1.23,3.43,1.66,3.71
1035,002032,8.79,5.83,3.88,34.11,6.66,38.85
1036,002033,3.27,2.4,4.45,14.55,6.18,14.82
1037,002036,4.76,2.31,4.02,19.15,8.38,19.39
1038,002037,7.05,3.39,2.45,17.28,4.99,16.92
1039,002038,42.66,10.05,0.64,27.3,2.68,26.93
1040,002039,4.53,2.45,3.64,16.48,6.6,16.2
1041,002040,4.46,2.83,4.54,20.23,6.61,18.71
1042,002041,15.44,7.89,1.25,19.3,2.13,16.8
1043,002042,14.16,6.99,0.82,11.61,1.73,12.1
1044,002043,12.18,8.68,0.95,11.57,1.59,13.8
1045,002044,18.62,9.83,0.71,13.22,1.3,12.78
1046,002046,2.32,2.23,5.06,11.74,6.13,13.7
1047,002047,4.36,2.35,2.14,9.32,3.9,9.16
1048,002048,3.81,3.34,5.77,22.01,6.98,23.33
1049,002049,10.1,7.18,3.25,32.81,4.3,30.88
1050,002050,13.32,6.76,0.81,10.79,1.6,10.81
1051,002051,9.32,7.83,2.49,23.2,3.49,27.32
1052,002053,3.51,2.77,5.19,18.2,6.75,18.73
1053,002054,4.74,3.51,2.32,11.0,3.38,11.85
1054,002055,11.11,8.51,2.14,23.78,2.81,23.91
1055,002056,3.14,2.84,4.43,13.89,5.54,15.73
1056,002057,4.86,3.21,3.48,16.9,4.88,15.65
1057,002058,7.35,5.07,4.05,29.78,5.23,26.51
1058,002059,3.6,2.76,3.29,11.85,4.26,11.76
1059,002060,2.26,1.66,3.44,7.77,4.83,8.03
1060,002061,1.55,0.81,5.96,9.25,11.04,8.96
1061,002062,6.53,3.76,1.03,6.73,1.73,6.51
1062,002063,6.89,4.64,1.93,13.3,2.71,12.57
1063,002064,5.27,1.63,1.03,5.43,3.19,5.19
1064,002065,18.6,12.7,1.23,22.88,1.63,20.7
1065,002066,5.44,3.64,3.56,19.37,4.7,17.11
1066,002067,2.9,1.66,2.3,6.68,3.92,6.49
1067,002068,3.01,1.99,2.9,8.74,4.47,8.89
1068,002069,1.08,1.03,10.22,11.08,11.5,11.86
1069,002070,4.86,3.13,2.91,14.15,4.82,15.11
1070,002071,3.29,1.96,4.5,14.81,6.38,12.49
1071,002072,6.16,3.93,4.55,28.01,6.18,24.3
1072,002073,2.33,1.86,4.85,11.28,5.82,10.8
1073,002074,9.35,7.77,3.33,31.15,3.99,31.01
1074,002076,2.16,1.45,6.3,13.6,9.8,14.17
1075,002077,3.21,2.21,5.66,18.16,7.02,15.49
1076,002078,3.14,1.97,2.12,6.66,3.64,7.16
1077,002079,4.66,3.81,1.99,9.27,2.47,9.42
1078,002080,2.11,1.56,8.28,17.48,12.38,19.37
1079,002081,22.41,14.95,0.44,9.86,0.75,11.21
1080,002082,5.05,2.56,3.89,19.64,7.6,19.49
1081,002083,1.95,1.16,3.66,7.15,6.19,7.18
1082,002085,20.95,13.42,0.92,19.27,1.48,19.86
1083,002086,4.27,3.12,2.73,11.67,3.27,10.21
1084,002087,2.77,2.1,2.63,7.29,3.27,6.86
1085,002088,1.63,1.2,11.74,19.16,15.7,18.83
1086,002089,7.1,6.6,1.99,14.13,2.38,15.7
1087,002090,3.98,2.33,6.09,24.24,10.12,23.6
1088,002091,7.38,4.1,1.81,13.35,3.26,13.35
1089,002092,4.19,3.4,2.91,12.19,3.95,13.43
1090,002093,7.08,4.8,1.56,11.04,2.18,10.47
1091,002094,8.54,5.26,3.69,31.5,5.36,28.19
1092,002095,3.22,3.56,12.54,40.4,11.16,39.78
1093,002096,6.21,4.29,2.4,14.91,3.39,14.55
1094,002097,1.34,1.17,6.73,9.01,7.75,9.08
1095,002098,3.88,2.34,4.86,18.88,7.19,16.83
1096,002099,3.97,3.17,2.11,8.38,2.52,7.99
1097,002100,6.44,4.0,1.4,9.02,2.25,9.01
1098,002101,2.79,2.47,8.3,23.18,9.31,23.0
1099,002102,4.34,3.19,1.17,5.08,1.62,5.16
