,code,name,times_4,net40,net41
0,603803,N瑞斯,1.06,23976.88,25335.67
1,603081,N大丰,1.25,16034.22,20074.9
2,603797,联泰环保,1.17,5417.72,6348.68
3,002863,今飞凯达,1.27,5748.48,7311.25
4,603165,荣晟环保,1.59,7719.44,12274.65
5,002860,星帅尔,1.26,5838.79,7373.71
6,603225,新凤鸣,2.4,30448.39,73156.43
7,002861,瀛通通讯,0.77,13455.58,10415.46
8,300632,光莆股份,1.38,3111.47,4302.69
9,300641,正丹股份,0.97,13800.68,13444.99
10,300640,德艺文创,1.39,3187.67,4446.56
11,002862,实丰文化,0.94,4277.03,4007.67
12,300604,长川科技,1.66,2491.29,4141.66
13,300639,凯普生物,1.17,6521.22,7609.46
14,603050,科林电气,1.17,5663.97,6653.9
15,603906,龙蟠科技,1.55,5774.34,8960.53
16,603826,坤彩科技,1.08,10049.04,10874.83
17,300637,扬帆新材,1.44,4175.4,6026.38
18,000971,高升控股,42.68,260.19,11104.25
19,300085,银之杰,1.11,7296.07,8079.68
20,300638,广和通,1.15,3491.83,4032.15
21,300633,开立医疗,1.22,10587.13,12892.82
22,002264,新 华 都,-0.15,-37393.51,5438.36
23,600477,杭萧钢构,3.72,12051.04,44875.84
24,601228,广州港,1.0,67249.25,67087.88
25,603198,迎驾贡酒,1.29,53039.91,68300.66
26,000711,京蓝科技,0.32,3762.61,1198.89
27,002475,立讯精密,1.07,107850.85,115653.35
28,603966,法兰泰克,1.06,5385.71,5693.87
29,002846,英联股份,1.23,4514.66,5541.99
30,000049,德赛电池,1.11,23022.34,25530.13
31,603007,花王股份,1.06,6780.61,7194.81
32,000823,超声电子,2.05,9139.18,18722.18
33,300072,三聚环保,1.97,82056.48,161705.3
34,600874,创业环保,1.34,33053.7,44316.8
35,600116,三峡水利,1.12,20718.35,23130.72
36,300503,昊志机电,1.45,4344.57,6278.08
37,000568,泸州老窖,1.31,147297.81,192774.35
38,002232,启明信息,14.61,312.98,4571.71
39,600702,沱牌舍得,11.25,712.81,8019.9
40,600535,天士力,0.8,147854.9,117642.49
41,000521,美菱电器,8.31,2649.63,22021.67
42,002680,长生生物,1.45,29305.99,42486.75
43,300131,英唐智控,5.35,3761.56,20143.02
44,600873,梅花生物,2.45,42545.68,104168.99
45,002053,云南能投,2.63,10252.88,27012.68
46,000513,丽珠集团,1.26,62264.1,78435.36
47,002302,西部建设,0.91,34679.09,31630.98
48,000803,*ST金宇,1.85,-3327.79,-6163.91
49,002349,精华制药,2.11,7808.11,16502.97
50,002826,易明医药,1.11,5002.99,5535.85
51,002657,中科金财,1.11,16033.44,17793.39
52,600099,林海股份,0.82,236.03,193.4
53,600750,江中药业,1.03,36701.21,37976.38
54,603822,嘉澳环保,1.1,3885.52,4288.79
55,300408,三环集团,1.21,87364.06,105918.64
56,002242,九阳股份,1.13,62004.09,69772.68
57,300115,长盈精密,1.52,44977.02,68373.99
58,603626,科森科技,0.95,19823.73,18889.59
59,000910,大亚圣象,1.7,31789.73,54111.82
60,000423,东阿阿胶,1.14,162502.7,185247.35
61,002415,海康威视,1.26,586904.96,742226.2
62,002648,卫星石化,-0.71,-43601.12,31156.46
63,600332,白云山,1.16,130035.13,150803.27
64,002635,安洁科技,1.26,30704.49,38710.92
65,002389,南洋科技,1.23,10007.79,12277.68
66,601231,环旭电子,1.17,69051.65,80558.18
67,600104,上汽集团,1.07,2979379.07,3200861.07
68,300324,旋极信息,3.66,10318.1,37729.9
69,300450,先导智能,2.0,14556.08,29065.21
70,600305,恒顺醋业,0.71,23964.54,17041.12
71,002296,辉煌科技,1.14,7492.38,8507.01
72,603027,千禾味业,1.5,6653.11,10008.86
73,603186,华正新材,2.08,4083.48,8479.45
74,603036,如通股份,1.05,6289.41,6620.29
75,300145,中金环境,1.8,28383.41,50998.61
76,600516,方大炭素,2.17,3101.37,6744.89
77,002424,贵州百灵,1.17,41137.46,48232.71
78,000858,五 粮 液,1.1,617611.93,678453.33
79,600566,济川药业,1.36,68657.12,93418.29
80,002372,伟星新材,1.38,48441.0,67070.35
81,002601,龙蟒佰利,3.97,11143.56,44210.51
82,600309,万华化学,2.29,160974.36,367942.18
83,300261,雅本化学,0.26,6123.1,1620.52
84,300588,熙菱信息,1.5,2842.07,4259.73
85,603369,今世缘,1.1,68525.15,75416.2
86,300444,双杰电气,1.08,9015.33,9696.18
87,000822,山东海化,-1.0,12264.6,-12308.68
88,002847,盐津铺子,1.31,6544.39,8565.65
89,000905,厦门港务,0.8,25808.97,20660.79
90,600486,扬农化工,0.97,45508.57,43926.06
91,600436,片仔癀,1.15,46667.67,53613.19
92,601800,中国交建,1.07,1569628.46,1674307.42
93,600570,恒生电子,0.04,45373.35,1829.14
94,000586,汇源通信,0.18,1698.41,301.95
95,300225,金力泰,1.01,6924.02,7023.55
96,600328,兰太实业,-2.51,-3311.64,8327.95
97,600479,千金药业,1.61,9295.96,14942.87
98,600518,康美药业,1.21,275673.46,334040.36
99,002040,南 京 港,3.9,2168.77,8461.13
100,300433,蓝思科技,0.78,154275.42,120359.48
101,600089,特变电工,1.16,188754.67,219034.82
102,300463,迈克生物,1.24,25104.36,31202.28
103,600588,用友网络,0.61,32374.53,19739.17
104,002410,广联达,1.75,24197.06,42309.6
105,600771,广誉远,60.49,203.03,12281.01
106,002051,中工国际,1.22,105087.39,127960.73
107,002259,升达林业,5.21,1370.05,7138.27
108,002595,豪迈科技,1.11,64445.66,71766.57
109,600835,上海机电,0.79,183457.21,144909.1
110,002817,黄山胶囊,0.95,5489.05,5228.48
111,002677,浙江美大,1.3,15564.12,20265.61
112,002589,瑞康医药,2.5,23593.85,59075.89
113,000756,新华制药,1.47,8306.23,12227.15
114,000963,华东医药,1.32,109691.24,144659.17
115,002830,名雕股份,1.05,4808.69,5057.89
116,603306,华懋科技,1.5,17467.18,26248.4
117,601717,郑煤机,1.47,4219.86,6199.74
118,600987,航民股份,1.12,48433.32,54281.05
119,000089,深圳机场,1.08,52178.42,56243.09
120,601668,中国建筑,1.15,2606189.8,2987010.4
121,002706,良信电器,1.3,12513.55,16219.62
122,603588,高能环境,1.47,10638.62,15648.14
123,300425,环能科技,1.33,5218.57,6953.38
124,600532,宏达矿业,-0.32,-35453.24,11463.12
125,000069,华侨城Ａ,1.48,464066.51,688841.79
126,002195,二三四五,1.52,41718.34,63496.56
127,002683,宏大爆破,0.62,10141.25,6263.27
128,300348,长亮科技,2.74,3695.52,10125.29
129,603883,老百姓,1.23,24050.18,29689.54
130,600976,健民集团,0.76,8550.02,6465.56
131,600663,陆家嘴,1.39,190002.35,264873.6
132,000661,长春高新,1.26,38447.95,48485.25
133,300176,鸿特精密,1.31,3826.51,5011.15
134,300223,北京君正,0.22,3204.89,705.21
135,603696,安记食品,0.77,5316.35,4079.57
136,603811,诚意药业,1.18,5770.51,6816.92
137,600867,通化东宝,1.3,49295.9,64092.34
138,002450,康得新,1.39,140945.73,196290.8
139,603288,海天味业,1.13,250963.24,284313.4
140,300244,迪安诊断,1.5,17479.47,26276.09
141,300365,恒华科技,1.55,8066.66,12542.89
142,000939,凯迪生态,0.86,38857.92,33352.79
143,002294,信立泰,1.1,126592.0,139641.42
144,600060,海信电器,1.18,148878.24,175886.9
145,000553,沙隆达Ａ,-0.53,14184.05,-7449.0
146,000856,冀东装备,-0.11,-20310.99,2312.46
147,600176,中国巨石,1.55,98304.71,152103.51
148,300374,恒通科技,1.15,4348.29,5021.87
149,002185,华天科技,1.23,31851.61,39092.07
150,600519,贵州茅台,1.08,1550309.03,1671836.27
151,603669,灵康药业,1.03,14969.43,15392.52
152,603578,三星新材,1.26,3772.46,4770.53
153,600966,博汇纸业,5.22,3854.81,20131.96
154,603006,联明股份,1.32,9773.28,12912.75
155,600828,茂业商业,7.4,7677.19,56802.79
156,603330,上海天洋,1.07,5026.6,5360.21
157,600729,重庆百货,1.14,36736.52,41871.09
158,300492,山鼎设计,0.75,2680.12,2015.51
159,600760,中航黑豹,-0.13,-22079.59,2776.52
160,600628,新世界,4.84,5220.75,25272.05
161,601880,大连港,1.1,48433.33,53101.27
162,002849,威星智能,1.47,3549.38,5222.86
163,600132,重庆啤酒,-2.76,-6567.84,18099.01
164,000895,双汇发展,1.04,425554.18,440505.64
165,603977,国泰集团,1.04,9701.53,10094.59
166,000927,一汽夏利,8.99,1805.19,16232.7
167,002363,隆基机械,1.08,5552.85,6015.6
168,000888,峨眉山Ａ,0.97,19624.82,19119.95
169,600660,福耀玻璃,1.21,260537.96,314422.73
170,600138,中青旅,1.64,29513.39,48351.53
171,002241,歌尔股份,1.32,125114.21,165149.66
172,600196,复星医药,1.14,246009.36,280583.71
173,300122,智飞生物,0.16,19740.19,3252.03
174,600190,锦州港,0.43,12906.58,5550.26
175,000502,绿景控股,-1.36,-2367.79,3211.34
176,000488,晨鸣纸业,2.02,102122.47,206398.68
177,601186,中国铁建,1.11,1264547.8,1399961.0
178,000418,小天鹅Ａ,1.28,91918.2,117505.49
179,000026,飞亚达Ａ,0.91,12170.21,11066.27
180,002352,顺丰控股,166.35,2513.06,418042.62
181,600319,亚星化学,-0.08,-33175.31,2678.17
182,603898,好莱客,1.55,16243.97,25226.54
183,600742,一汽富维,1.01,42508.02,42726.88
184,603766,隆鑫通用,1.12,77025.89,86559.38
185,002517,恺英网络,1.04,65479.89,68174.26
186,002001,新 和 成,2.99,40206.78,120263.35
187,000417,合肥百货,1.08,26234.43,28347.66
188,002107,沃华医药,0.68,7136.57,4880.94
189,603900,通灵珠宝,1.22,18101.87,22138.67
190,603868,飞科电器,1.22,50171.14,61323.12
191,000623,吉林敖东,0.64,259358.93,166649.14
192,600110,诺德股份,0.18,14454.05,2648.22
193,601139,深圳燃气,1.17,65966.17,77200.96
194,000738,航发控制,1.06,19624.58,20884.44
195,600335,国机汽车,1.28,48063.7,61385.94
196,002032,苏 泊 尔,1.21,88900.48,107751.92
197,600970,中材国际,0.77,66427.51,51138.34
198,600557,康缘药业,1.03,36233.63,37374.1
199,603677,奇精机械,1.14,7725.68,8817.54
200,600603,广汇物流,-1.27,-19471.59,24687.11
201,600315,上海家化,0.1,220996.1,21601.67
202,603600,DR永艺股,1.32,9119.94,12022.41
203,000836,鑫茂科技,0.34,13781.74,4744.71
204,600528,中铁工业,1.0,16788.25,16786.48
205,000625,长安汽车,1.03,995271.42,1028528.41
206,300226,上海钢联,-0.09,-25038.53,2210.49
207,600056,中国医药,1.54,61445.36,94813.73
208,300427,红相电力,1.04,7093.79,7381.59
209,300204,舒泰神,1.22,21107.72,25727.47
210,600438,通威股份,3.09,33113.81,102472.44
211,002033,丽江旅游,1.13,19725.03,22382.36
212,002234,民和股份,-0.49,-31552.73,15378.98
213,002686,亿利达,1.25,9619.6,11985.02
214,002521,齐峰新材,0.53,27010.59,14193.28
215,002433,太安堂,1.28,19012.35,24332.76
216,600017,日照港,0.57,30815.85,17624.32
217,600054,黄山旅游,1.19,29579.08,35210.6
218,002490,*ST墨龙,2.36,-25956.5,-61247.64
219,600435,北方导航,1.11,3858.12,4289.85
220,300113,顺网科技,1.82,28559.97,52100.91
221,002552,宝鼎科技,-38.86,429.3,-16684.33
222,002644,佛慈制药,1.42,4294.76,6092.62
223,000759,中百集团,1.15,561.05,646.6
224,002451,摩恩电气,0.6,1456.46,870.24
225,002092,中泰化学,240.15,767.64,184347.44
226,000726,鲁 泰Ａ,1.13,71219.32,80544.63
227,002199,东晶电子,-0.06,-27468.58,1619.67
228,300044,赛为智能,1.3,7745.72,10081.95
229,002827,高争民爆,1.66,6628.34,11033.66
230,300457,赢合科技,2.06,6022.64,12387.15
231,300420,五洋科技,3.35,2169.72,7268.71
232,000999,华润三九,0.96,124922.65,119784.06
233,000931,中 关 村,0.18,15108.87,2735.81
234,600062,华润双鹤,1.08,66106.35,71421.09
235,600764,中电广通,-0.06,-12499.33,726.71
236,600422,昆药集团,0.97,42085.08,40725.61
237,300368,汇金股份,0.86,5336.21,4573.67
238,600685,中船防务,0.72,9832.07,7122.43
239,603517,绝味食品,1.26,30081.61,38030.32
240,600022,山东钢铁,-7.9,7592.99,-59989.16
241,600211,西藏药业,2.16,9163.58,19828.95
242,600079,人福医药,1.27,65382.35,83240.34
243,000581,威孚高科,1.1,151538.83,167222.43
244,600571,信雅达,1.01,12103.85,12261.34
245,601238,广汽集团,1.49,423235.19,628821.59
246,600596,新安股份,-0.29,-26681.69,7755.98
247,600276,恒瑞医药,1.19,217157.15,258895.21
248,300560,中富通,1.1,3471.22,3815.33
249,002359,齐星铁塔,-4.25,1139.83,-4841.51
250,603639,海利尔,1.12,13046.15,14625.14
251,600699,均胜电子,1.13,39985.79,45369.38
252,601601,中国太保,0.68,1772800.0,1205700.0
253,002176,江特电机,5.01,3938.78,19729.7
254,000031,中粮地产,1.0,72181.22,72015.39
255,000922,*ST佳电,0.98,-44697.0,-43666.84
256,601607,上海医药,1.11,287698.91,319639.46
257,000811,烟台冰轮,0.98,30756.43,30088.55
258,000676,智度股份,90.23,350.35,31611.38
259,601179,中国西电,1.25,90397.42,112789.08
260,300125,易世达,-7.75,802.9,-6225.83
261,002382,蓝帆医疗,1.06,17021.18,18106.94
262,000338,潍柴动力,1.76,139057.69,244118.86
263,002557,洽洽食品,0.97,36394.18,35370.96
264,601311,骆驼股份,0.85,60948.97,51533.93
265,000584,友利控股,-15.58,2625.48,-40911.48
266,300358,楚天科技,0.93,15338.9,14312.5
267,002536,西泵股份,1.89,5714.34,10785.72
268,300052,中青宝,-0.76,6520.28,-4972.93
269,002085,万丰奥威,1.2,79757.57,95796.14
270,000637,茂化实华,0.69,8940.94,6140.64
271,002028,思源电气,0.92,38211.58,35142.51
272,002013,中航机电,1.19,48920.64,58314.09
273,002229,鸿博股份,1.38,917.35,1268.01
274,300288,朗玛信息,0.87,9839.86,8514.58
275,300216,千山药机,3.44,5976.7,20579.41
276,600572,康恩贝,1.0,44037.15,44106.95
277,300258,精锻科技,1.36,13992.34,19068.57
278,603556,海兴电力,1.2,43340.86,52123.23
279,600703,三安光电,1.28,169455.47,216665.23
280,300628,亿联网络,1.75,24762.05,43232.33
281,002660,茂硕电源,-0.11,1605.31,-178.81
282,002594,比亚迪,1.79,282344.1,505215.4
283,603998,方盛制药,0.77,9067.63,6975.56
284,601333,广深铁路,1.08,107082.3,115825.38
285,002279,久其软件,1.62,13497.94,21860.97
286,300083,劲胜精密,-0.28,-47050.2,13144.14
287,600216,浙江医药,2.78,16180.13,45010.2
288,002307,北新路桥,1.19,3364.79,4015.22
289,600858,银座股份,0.21,10371.9,2207.58
290,300616,尚品宅配,1.83,13953.45,25551.07
291,300345,红宇新材,0.3,3021.84,913.54
292,000559,万向钱潮,1.07,77955.59,83380.66
293,002503,搜于特,1.86,19397.48,36170.6
294,002670,国盛金控,19.04,2616.35,49814.56
295,002449,国星光电,1.2,16024.25,19232.02
296,601588,北辰实业,0.98,61197.19,60058.54
297,600879,航天电子,1.8,26537.05,47837.31
298,603738,泰晶科技,1.17,5017.82,5890.16
299,002136,安 纳 达,-0.32,-13360.13,4251.11
300,300087,荃银高科,1.39,2213.64,3067.72
301,300182,捷成股份,1.8,53300.65,96145.26
302,000622,*ST恒立,-1.03,-4681.57,4799.91
303,603568,伟明环保,1.13,29135.26,32855.79
304,600271,航天信息,0.99,155468.82,153593.98
305,300169,天晟新材,0.78,2344.87,1819.18
306,600426,华鲁恒升,0.97,90464.94,87549.05
307,603818,曲美家居,1.58,11694.03,18500.58
308,000503,海虹控股,1.21,2306.34,2802.12
309,002262,恩华药业,1.2,25834.71,30974.3
310,600130,波导股份,0.51,6098.24,3080.75
311,603816,顾家家居,1.15,49831.19,57505.15
312,002563,森马服饰,1.06,134924.08,142650.99
313,300547,川环科技,1.29,6516.98,8432.83
314,300215,电科院,2.7,2620.53,7067.07
315,002235,安妮股份,1.07,1088.19,1165.95
316,600620,天宸股份,1.21,4968.95,6018.52
317,002003,伟星股份,1.19,24758.18,29547.54
318,002318,久立特材,1.37,12279.91,16776.67
319,600585,海螺水泥,1.13,751638.5,852991.68
320,603009,北特科技,1.2,4643.43,5576.62
321,600353,旭光股份,0.9,4855.49,4357.53
322,002034,美 欣 达,0.51,3923.55,2019.79
323,600383,金地集团,1.97,320035.04,630046.07
324,600525,长园集团,1.33,48293.9,64005.76
325,603579,荣泰健康,1.45,14270.24,20664.56
326,002502,骅威文化,2.52,12034.87,30301.85
327,000792,盐湖股份,0.61,55896.62,34126.47
328,002750,龙津药业,1.47,6180.11,9103.44
329,300534,陇神戎发,0.78,6067.72,4725.23
330,000666,经纬纺机,1.19,45795.22,54455.25
331,002058,威 尔 泰,-0.47,-1113.32,524.34
332,300221,银禧科技,3.81,4019.19,15299.3
333,000151,中成股份,0.75,13458.65,10087.99
334,002662,京威股份,1.4,45349.01,63545.18
335,600320,振华重工,1.0,21241.2,21241.99
336,300453,三鑫医疗,0.71,5187.64,3661.4
337,300312,邦讯技术,2.16,912.44,1968.18
338,000703,恒逸石化,4.5,18460.58,83033.74
339,000035,中国天楹,0.93,22819.52,21172.45
340,603858,步长制药,0.5,353676.44,176936.46
341,002669,康达新材,0.73,11254.42,8262.51
342,603737,三棵树,1.16,11550.94,13365.82
343,000900,现代投资,1.45,56685.46,82168.31
344,600633,浙数文化,1.0,61029.69,61163.22
345,002734,利民股份,1.68,6743.96,11299.23
346,600693,东百集团,2.05,4937.3,10104.67
347,603416,信捷电气,1.23,8128.62,10019.03
348,002148,北纬通信,-4.13,-1909.82,7883.05
349,002452,长高集团,1.77,6811.73,12055.62
350,601901,方正证券,0.63,406421.2,256933.69
351,300190,维尔利,0.77,12055.97,9275.34
352,600189,吉林森工,0.26,4470.64,1171.52
353,300015,爱尔眼科,1.3,42804.4,55746.72
354,002468,申通快递,326.29,386.67,126164.96
355,002592,八菱科技,1.02,12530.23,12841.34
356,603179,新泉股份,2.16,5256.9,11367.29
357,002751,易尚展示,0.38,3945.49,1511.65
358,000565,渝三峡Ａ,1.55,14457.37,22348.12
359,300285,国瓷材料,1.52,8592.23,13039.66
360,000603,盛达矿业,0.78,25926.67,20209.71
361,002020,京新药业,1.28,16604.44,21194.63
362,600753,东方银星,0.07,3861.34,262.29
363,002476,宝莫股份,0.61,2413.84,1482.97
364,603788,宁波高发,1.4,11239.56,15714.15
365,002778,高科石化,0.96,3536.44,3402.22
366,600338,西藏珠峰,4.06,16003.88,65025.7
367,601390,中国中铁,1.02,1225767.4,1250916.5
368,002603,以岭药业,1.26,43049.1,54202.32
369,002422,科伦药业,0.91,64527.13,58463.88
370,002491,通鼎互联,2.94,18350.29,53896.34
371,300256,星星科技,2.24,6507.84,14605.19
372,300386,飞天诚信,0.65,18358.27,11958.96
373,600377,宁沪高速,1.33,250662.94,334606.39
374,002218,拓日新能,4.14,3106.17,12871.21
375,000598,兴蓉环境,1.06,82473.45,87421.51
376,000591,太阳能,1.38,47275.49,65324.93
377,000707,双环科技,-53.14,1181.84,-62807.15
378,000928,中钢国际,1.09,47018.42,51241.29
379,601318,中国平安,1.15,5420300.0,6239400.0
380,002230,科大讯飞,1.14,42529.45,48443.04
381,600816,安信信托,1.76,172214.85,303394.74
382,002555,三七互娱,2.11,50601.65,107016.23
383,600678,四川金顶,-6.73,419.58,-2824.68
384,000333,美的集团,1.16,1270672.5,1468435.7
385,002725,跃岭股份,0.81,5561.71,4530.63
386,002186,全 聚 德,1.06,13113.85,13958.98
387,002694,顾地科技,1.59,2504.4,3978.18
388,600141,兴发集团,1.32,7727.37,10201.76
389,002289,*ST宇顺,-0.03,-109807.01,2985.5
390,600455,博通股份,-3.14,317.87,-999.03
391,002116,中国海诚,0.59,22800.03,13427.28
392,603889,XD新澳股,1.2,13210.36,15917.35
393,600279,重庆港九,1.01,7779.8,7846.04
394,002414,高德红外,1.12,6339.55,7085.75
395,600992,贵绳股份,1.15,1835.77,2103.52
396,000068,华控赛格,1.42,700.55,997.52
397,600665,天地源,1.11,20691.82,23032.81
398,300339,润和软件,1.56,19469.01,30357.91
399,300411,金盾股份,0.99,4290.95,4265.5
400,600860,*ST京城,0.72,-20781.74,-14878.76
401,002206,海 利 得,1.31,19546.68,25510.96
402,002434,万里扬,1.48,21164.87,31225.56
403,600597,光明乳业,1.35,41833.0,56318.54
404,300049,福瑞股份,1.32,9168.52,12104.79
405,600310,桂东电力,0.56,37591.35,20940.02
406,600768,宁波富邦,-0.35,-5276.92,1831.38
407,603000,人民网,0.39,27428.06,10600.29
408,603698,航天工程,0.55,29596.44,16386.18
409,300024,机器人,1.04,39482.35,41077.36
410,002768,国恩股份,1.81,7223.75,13091.43
411,300505,川金诺,1.38,4219.78,5808.73
412,002178,延华智能,0.43,10222.39,4446.38
413,600184,光电股份,0.63,4724.25,2960.92
414,603519,立霸股份,1.14,6350.03,7254.21
415,000550,江铃汽车,0.59,222206.11,131801.61
416,002841,视源股份,2.09,35446.35,74195.62
417,002572,索菲亚,1.45,45901.52,66401.69
418,600511,国药股份,1.07,51284.5,54760.69
419,000829,天音控股,-0.98,-22749.36,22342.68
420,002672,东江环保,1.61,33253.4,53381.38
421,300036,超图软件,2.17,5877.89,12745.02
422,603869,北部湾旅,2.38,7135.62,17013.8
423,300295,三六五网,0.86,12634.37,10835.48
424,300434,金石东方,1.09,2338.06,2552.65
425,601699,潞安环能,8.32,10301.95,85714.09
426,600125,铁龙物流,0.86,28112.2,24156.11
427,002102,冠福股份,1.27,19328.99,24540.11
428,000735,罗 牛 山,1.31,6082.96,7988.14
429,300059,东方财富,0.39,184857.12,71376.88
430,600782,新钢股份,8.3,6055.96,50292.27
431,300039,上海凯宝,1.0,28164.85,28260.68
432,000766,通化金马,31.1,686.31,21346.15
433,600398,海澜之家,1.06,295313.17,312264.73
434,600738,兰州民百,0.74,8448.49,6243.88
435,600070,浙江富润,4.21,2387.89,10064.87
436,002731,萃华珠宝,0.96,6042.28,5822.31
437,000547,航天发展,1.18,20748.36,24402.04
438,002393,力生制药,1.01,11421.45,11560.63
439,600118,中国卫星,1.04,38349.77,39766.43
440,002383,合众思壮,1.59,6057.71,9644.97
441,002059,云南旅游,0.8,8345.47,6679.74
442,600818,中路股份,1.74,5192.71,9036.5
443,000533,万 家 乐,1.83,12379.51,22665.79
444,300103,达刚路机,0.63,3765.21,2364.37
445,603618,杭电股份,1.01,13496.85,13597.29
446,300603,立昂技术,1.36,2599.48,3547.44
447,300247,乐金健康,2.1,4083.71,8563.45
448,603508,思维列控,0.69,27037.07,18691.76
449,603019,中科曙光,1.27,17689.33,22425.02
450,000753,漳州发展,-2.43,-8399.61,20397.09
451,600886,国投电力,0.72,542752.22,391644.76
452,002458,益生股份,-1.4,-40063.56,56215.99
453,600105,永鼎股份,1.39,18073.51,25052.98
454,600206,有研新材,1.58,3033.9,4789.38
455,600539,狮头股份,-0.75,1393.95,-1047.95
456,603099,长白山,0.71,10055.59,7111.22
457,600258,首旅酒店,2.11,10013.03,21093.85
458,300424,航新科技,0.83,7220.34,5986.22
459,000985,大庆华科,-2.0,-1663.09,3334.2
460,300476,胜宏科技,1.83,12653.97,23207.12
461,300459,金科娱乐,4.23,4847.77,20499.89
462,002084,海鸥卫浴,1.84,4613.65,8497.55
463,002285,世联行,1.47,50938.92,74721.52
464,000545,金浦钛业,0.92,13118.22,12080.38
465,000002,万 科Ａ,1.16,1811940.62,2102260.63
466,600866,星湖科技,-0.06,-42235.44,2430.62
467,000988,华工科技,1.52,15083.04,22980.98
468,300303,聚飞光电,1.52,10236.82,15521.2
469,002182,云海金属,5.62,3013.64,16930.22
470,300224,正海磁材,1.21,15767.95,19089.4
471,601633,长城汽车,1.31,805933.25,1055115.89
472,002252,上海莱士,1.12,144241.43,161315.36
473,000050,深天马Ａ,1.03,55467.55,56917.74
474,600761,安徽合力,1.0,39746.54,39568.4
475,002482,广田集团,1.44,27892.12,40272.19
476,600348,阳泉煤业,5.14,8339.22,42904.83
477,002215,诺 普 信,-1.2,23086.26,-27624.67
478,601002,晋亿实业,-5.25,-1356.33,7119.05
479,600259,广晟有色,-0.1,-27444.88,2632.0
480,002419,天虹股份,0.43,120841.26,52411.06
481,002358,森源电气,1.81,18260.96,33055.74
482,600731,湖南海利,1.03,1376.15,1415.5
483,300391,康跃科技,0.84,502.8,422.11
484,002732,燕塘乳业,1.1,9605.77,10608.74
485,002132,恒星科技,2.68,3949.14,10576.31
486,600058,五矿发展,-0.01,-395300.4,2895.45
487,603199,九华旅游,1.05,7066.82,7404.43
488,000831,*ST五稀,-0.05,-39782.0,1858.91
489,002374,丽鹏股份,1.28,12130.47,15559.19
490,600739,辽宁成大,1.84,51450.02,94780.41
491,002758,华通医药,0.86,4695.07,4015.52
492,603823,百合花,1.07,12978.26,13930.5
493,300006,莱美药业,0.34,2061.24,698.11
494,002544,杰赛科技,0.99,10730.9,10644.69
495,300278,华昌达,1.16,10066.07,11647.07
496,002334,英威腾,0.46,14888.02,6806.73
497,002859,洁美科技,1.55,8929.99,13811.67
498,601872,招商轮船,1.5,115368.01,172996.87
499,000761,本钢板材,-0.24,-329362.45,78127.48
500,300233,金城医药,0.93,17097.73,15939.02
501,600820,隧道股份,1.12,148063.66,165298.73
502,000733,振华科技,1.03,17651.01,18150.27
503,300147,香雪制药,0.37,17729.79,6602.41
504,002004,华邦健康,0.89,63662.54,56686.83
505,300327,中颖电子,2.16,4978.32,10763.25
506,601689,拓普集团,1.51,40854.49,61568.96
507,600360,华微电子,0.94,4300.77,4061.87
508,600545,新疆城建,-7.31,3119.07,-22799.4
509,600372,中航电子,0.97,47701.12,46041.36
510,002376,新北洋,1.54,14727.8,22712.66
511,601018,宁波港,0.9,255399.8,229892.0
512,600837,海通证券,0.51,1583885.09,804333.45
513,600857,宁波中百,0.99,4309.26,4249.91
514,600292,远达环保,0.53,28664.09,15157.72
515,600644,乐山电力,1.83,11551.67,21147.2
516,600018,上港集团,1.06,656245.35,693907.72
517,601211,国泰君安,0.63,1570029.1,984141.67
518,601111,中国国航,1.01,677400.8,681401.5
519,601881,中国银河,0.52,983551.04,515354.62
520,300112,万讯自控,2.1,1271.85,2670.52
521,002538,司尔特,0.99,24668.89,24395.68
522,300484,蓝海华腾,2.19,7093.91,15527.47
523,600649,城投控股,0.58,361195.15,209474.29
524,002256,兆新股份,2.26,5122.83,11593.49
525,600152,维科精华,-1.46,4423.27,-6440.13
526,603444,吉比特,3.35,17497.77,58546.45
527,600048,保利地产,1.01,1234757.9,1242155.11
528,600030,中信证券,0.52,1979979.34,1036516.86
529,000532,华金资本,1.08,3780.27,4084.72
530,600804,鹏博士,1.07,71657.47,76661.3
531,601288,农业银行,1.02,18058200.0,18394100.0
532,600391,成发科技,1.35,3162.55,4255.0
533,002436,兴森科技,1.37,14020.97,19260.68
534,000560,昆百大Ａ,2.57,3082.75,7916.58
535,600756,浪潮软件,1.07,10781.57,11547.89
536,000055,方大集团,6.51,10727.24,69795.64
537,002315,焦点科技,0.71,15720.62,11104.59
538,600689,上海三毛,-2.39,-3876.88,9248.98
539,300407,凯发电气,1.75,6966.94,12176.54
540,601788,光大证券,0.39,764651.61,301301.92
541,002649,博彦科技,0.65,18092.14,11717.98
542,600415,小商品城,1.54,68840.19,106027.46
543,600200,江苏吴中,1.46,4911.3,7186.75
544,603336,宏辉果蔬,0.97,6255.22,6061.84
545,601958,金钼股份,1.59,3399.19,5389.81
546,600133,东湖高新,1.03,14200.92,14562.05
547,000609,绵石投资,5.84,2280.2,13311.34
548,002474,榕基软件,1.57,1583.06,2484.53
549,300174,元力股份,1.38,3087.82,4254.78
550,300318,博晖创新,1.99,1188.2,2359.92
551,000833,贵糖股份,0.29,13450.92,3873.81
552,002487,大金重工,0.77,9266.94,7138.45
553,603838,四通股份,1.09,5469.18,5982.16
554,600973,宝胜股份,1.66,16050.11,26566.91
555,300498,温氏股份,1.9,620536.66,1178987.93
556,600175,美都能源,2.99,4992.74,14912.9
557,600861,北京城乡,0.82,10807.44,8872.59
558,002048,宁波华翔,4.45,16049.4,71388.56
559,000404,华意压缩,1.16,21789.49,25229.08
560,600298,安琪酵母,1.91,28009.46,53509.2
561,600168,武汉控股,0.89,33617.72,30067.65
562,600727,鲁北化工,1.09,2771.85,3015.84
563,000717,韶钢松山,-0.04,-259550.05,10142.73
564,002125,湘潭电化,1.94,1143.52,2224.07
565,600226,升华拜克,1.68,13988.45,23561.06
566,603223,恒通股份,1.33,4368.62,5819.99
567,000060,中金岭南,1.61,20094.67,32322.88
568,600269,赣粤高速,1.46,71210.5,103748.4
569,300238,冠昊生物,1.03,6336.6,6537.11
570,300271,华宇软件,1.3,20845.71,27169.42
571,300019,硅宝科技,1.02,8929.92,9064.42
572,600308,华泰股份,2.82,6457.49,18203.49
573,603518,维格娜丝,0.89,11211.31,10032.79
574,600595,中孚实业,-0.13,-43567.25,5799.92
575,600780,通宝能源,0.28,36990.56,10198.49
576,300389,艾比森,1.21,12553.48,15135.31
577,002063,远光软件,1.08,12122.75,13137.43
578,300496,中科创达,1.03,11660.94,12028.22
579,002332,仙琚制药,1.37,10655.1,14618.69
580,000400,许继电气,1.21,72063.67,86892.5
581,000926,福星股份,1.24,46887.03,58105.62
582,002483,润邦股份,-0.18,-46046.28,8383.6
583,600705,中航资本,1.01,231227.04,232414.49
584,600614,鹏起科技,1.95,4707.92,9169.23
585,603021,山东华鹏,1.03,5008.64,5136.1
586,601579,会稽山,1.24,11368.85,14146.56
587,000610,西安旅游,0.99,1082.49,1071.33
588,600006,东风汽车,0.64,34437.99,21885.45
589,603908,牧高笛,0.88,5424.3,4748.69
590,300250,初灵信息,1.9,7161.33,13635.23
591,002783,凯龙股份,1.11,9759.38,10877.98
592,300054,鼎龙股份,1.51,15883.57,24010.18
593,600713,南京医药,1.15,15672.45,18027.18
594,600819,耀皮玻璃,-0.62,-36426.72,22577.46
595,000688,建新矿业,0.81,28839.21,23432.33
596,600748,上实发展,1.14,51965.47,59186.03
597,600029,南方航空,1.31,385100.0,505500.0
598,600836,界龙实业,-0.6,1825.34,-1098.34
599,300406,九强生物,1.11,24504.34,27164.61
600,600212,江泉实业,-0.13,-34049.25,4455.11
601,603598,引力传媒,1.22,2715.03,3303.19
602,600652,游久游戏,1.57,7461.67,11732.0
603,300284,苏交科,1.22,31063.35,37920.96
604,002390,信邦制药,1.41,17437.94,24601.28
605,603309,维力医疗,0.87,9132.49,7925.0
606,603988,中电电机,0.56,4277.05,2389.08
607,000719,大地传媒,0.96,70316.98,67307.33
608,600178,东安动力,3.35,2343.59,7854.68
609,300167,迪威视讯,2.93,1001.34,2938.57
610,603968,醋化股份,1.42,10389.29,14773.09
611,600160,巨化股份,0.93,16177.79,15123.0
612,601137,博威合金,2.6,7050.23,18335.04
613,300329,海伦钢琴,1.07,3099.38,3328.48
614,600182,S佳通,0.75,20230.46,15115.83
615,002198,嘉应制药,0.83,6635.49,5517.2
616,300121,阳谷华泰,3.99,3931.29,15677.84
617,300197,铁汉生态,1.71,30604.28,52206.56
618,601012,隆基股份,2.97,52032.58,154723.58
619,600009,上海机场,1.11,253143.3,280565.07
620,300362,天翔环境,2.67,4739.92,12659.41
621,300161,华中数控,-0.32,-4135.9,1331.83
622,600715,文投控股,4.36,13781.61,60108.64
623,600763,通策医疗,0.71,19248.18,13616.47
624,603025,大豪科技,1.29,18531.75,23875.67
625,300400,劲拓股份,1.63,3203.89,5210.82
626,603018,中设集团,1.31,16026.52,20986.98
627,600420,现代制药,2.16,22105.27,47693.37
628,002820,桂发祥,0.98,9404.46,9176.68
629,603637,镇海股份,0.82,7390.21,6031.23
630,603909,合诚股份,1.09,5300.24,5784.35
631,603901,永创智能,1.16,7620.22,8867.67
632,603601,再升科技,1.58,5109.31,8082.4
633,603345,安井食品,1.38,12834.35,17740.71
634,603268,松发股份,1.06,3688.65,3910.89
635,603011,合锻智能,1.9,2706.55,5129.45
636,603010,万盛股份,1.76,8502.17,14951.75
637,601939,建设银行,1.01,22814500.0,23146000.0
638,601900,南方传媒,1.12,37698.24,42226.2
639,601801,皖新传媒,1.37,77276.62,105867.11
640,601727,上海电气,0.97,212857.4,206017.0
641,601608,中信重工,-25.56,6196.77,-158393.73
642,601113,华鼎股份,0.73,10023.65,7273.31
643,601106,中国一重,3.19,-179505.8,-573401.85
644,601069,西部黄金,1.96,6443.15,12654.97
645,600986,科达股份,3.55,11714.85,41576.12
646,600859,王府井,0.87,66124.53,57483.4
647,600855,航天长峰,1.97,2926.89,5774.49
648,600834,申通地铁,0.75,6896.52,5194.22
649,600823,世茂股份,1.04,204563.4,211883.28
650,600808,马钢股份,-0.26,-480429.97,122889.24
651,600794,保税科技,1.0,2456.17,2466.3
652,600773,西藏城投,1.18,6242.85,7338.2
653,600770,综艺股份,-0.21,-24631.47,5123.26
654,600735,新华锦,1.42,3915.27,5565.29
655,600733,S*ST前锋,1.1,-3029.01,-3340.21
656,600725,ST云维,-0.59,-260033.18,154456.34
657,600696,*ST匹凸,4.49,-10242.49,-45977.59
658,600681,百川能源,-136.3,-404.38,55117.41
659,600671,天目药业,-0.06,-2154.37,121.72
660,600657,信达地产,1.02,86016.6,88099.54
661,600655,豫园商城,0.59,80720.42,47884.45
662,600651,飞乐音响,0.93,37613.81,35109.21
663,600643,爱建集团,1.12,55468.08,62050.08
664,600639,浦东金桥,1.31,47151.95,61674.82
665,600634,富控互动,1.41,12248.75,17231.04
666,600609,金杯汽车,-5.83,3574.68,-20841.52
667,600602,云赛智联,1.47,16187.77,23772.06
668,600582,天地科技,0.76,122739.27,93187.96
669,600551,时代出版,1.02,39301.83,40259.03
670,600506,香梨股份,-3.63,237.57,-862.59
671,600505,西昌电力,0.86,6521.55,5603.2
672,600490,鹏欣资源,2.62,1962.04,5149.29
673,600469,风神股份,0.34,24723.41,8455.14
674,600462,九有股份,-0.19,-3579.77,673.78
675,600439,瑞贝卡,1.21,14138.82,17160.66
676,600418,江淮汽车,1.35,85758.18,116196.57
677,600409,三友化工,1.85,41260.72,76286.0
678,600406,国电南瑞,1.11,129921.66,144717.65
679,600400,红豆股份,1.85,8609.56,15941.77
680,600387,海越股份,1.74,2299.74,4002.59
681,600323,瀚蓝环境,1.26,40290.18,50856.75
682,600307,酒钢宏兴,-0.01,-736387.36,8242.16
683,600301,ST南化,-0.14,-4183.52,601.42
684,600277,亿利洁能,1.98,13070.47,25843.43
685,600255,鑫科材料,5.81,3297.86,19176.91
686,600239,云南城投,0.88,27864.86,24413.94
687,600228,*ST昌九,1.51,-2459.65,-3709.08
688,600225,*ST松江,0.67,-67952.74,-45500.02
689,600173,卧龙地产,1.34,6040.52,8074.36
690,600151,航天机电,1.16,17261.55,20045.26
691,600146,商赢环球,-0.47,-6107.29,2890.86
692,600136,当代明诚,2.29,5347.09,12218.42
693,600111,北方稀土,0.28,32571.54,9083.56
694,600097,开创国际,-0.07,-11080.98,786.83
695,600050,中国联通,0.04,347159.09,15407.41
696,300543,朗科智能,1.22,6272.05,7658.08
697,300537,广信材料,1.02,4158.58,4241.3
698,300518,盛讯达,1.08,9213.64,9967.39
699,300510,金冠电气,1.13,5004.76,5636.68
700,300490,华自科技,1.07,4521.7,4821.4
701,300479,神思电子,0.42,4942.49,2060.58
702,300472,新元科技,0.64,2522.82,1619.69
703,300467,迅游科技,0.66,5936.48,3911.51
704,300423,鲁亿通,0.56,4400.75,2476.46
705,300364,中文在线,1.12,3125.47,3504.47
706,300334,津膜科技,0.9,5289.05,4739.58
707,300309,吉艾科技,-5.91,7439.35,-43931.83
708,300268,万福生科,-0.06,-9944.32,587.97
709,300254,仟源医药,1.32,2290.0,3014.77
710,300235,方直科技,0.83,2222.81,1841.26
711,300212,易华录,1.13,12492.22,14110.56
712,300209,天泽信息,55.37,175.86,9737.66
713,300198,纳川股份,2.39,2676.04,6386.81
714,300163,先锋新材,2.14,3175.19,6792.31
715,300149,量子高科,1.09,5946.95,6498.1
716,300148,天舟文化,1.38,17621.79,24356.9
717,300134,大富科技,1.3,9603.52,12466.69
718,300110,华仁药业,1.04,2293.65,2394.62
719,300104,乐视网,0.97,57302.72,55475.92
720,300092,科新机电,-0.78,-4098.86,3188.97
721,300089,文化长城,11.04,1239.01,13679.72
722,300088,长信科技,1.46,23771.45,34709.78
723,300066,三川智慧,0.96,13920.77,13357.63
724,300051,三五互联,-0.71,-7974.52,5688.85
725,300025,华星创业,0.69,10849.39,7498.3
726,002858,力盛赛车,1.32,2470.95,3267.39
727,002823,凯中精密,1.41,9125.45,12870.26
728,002807,江阴银行,0.96,81449.9,77792.6
729,002803,吉宏股份,1.15,3738.44,4299.61
730,002787,华源控股,1.28,8413.76,10752.09
731,002740,爱迪尔,0.86,6737.88,5779.58
732,002717,岭南园林,1.55,16795.11,26080.41
733,002699,美盛文化,1.5,12640.83,18995.86
734,002691,冀凯股份,0.35,2403.77,835.52
735,002685,华东重机,1.36,2191.08,2971.79
736,002684,猛狮科技,33.76,278.36,9397.69
737,002675,东诚药业,1.46,8974.54,13095.26
738,002664,信质电机,1.14,20218.92,23095.78
739,002663,普邦股份,0.53,19941.69,10517.91
740,002655,共达电声,0.94,1921.97,1800.81
741,002652,扬子新材,1.97,4120.83,8127.49
742,002650,加加食品,1.02,14732.18,15009.84
743,002642,荣之联,1.15,20898.58,24010.41
744,002640,跨境通,2.34,16838.67,39376.82
745,002625,龙生股份,1.63,4033.7,6594.25
746,002619,巨龙管业,1.35,15874.98,21416.15
747,002606,大连电瓷,2.55,3692.84,9416.75
748,002583,海能达,1.59,25318.37,40182.84
749,002578,闽发铝业,0.93,1907.34,1767.26
750,002575,群兴玩具,0.7,1818.64,1276.43
751,002569,步森股份,0.57,1150.41,659.96
752,002547,春兴精工,0.9,18116.63,16345.32
753,002513,蓝丰生化,-1.56,-6876.96,10718.06
754,002499,科林环保,0.7,2763.39,1929.72
755,002486,嘉麟杰,-0.12,-10231.95,1185.84
756,002464,金利科技,5.71,3234.87,18457.53
757,002453,天马精化,-12.11,2535.41,-30704.57
758,002426,胜利精密,1.62,26516.46,42942.11
759,002417,三元达,-3.59,2937.67,-10543.58
760,002400,省广股份,1.12,54764.35,61124.64
761,002299,圣农发展,-1.75,-38778.88,67872.8
762,002282,博深工具,1.89,659.67,1248.45
763,002255,海陆重工,0.89,8480.47,7535.26
764,002245,澳洋顺昌,0.85,24143.54,20562.14
765,002191,劲嘉股份,0.79,72072.97,57072.14
766,002181,粤 传 媒,-0.43,-44542.18,18953.67
767,002173,*ST创疗,-1.76,-6533.77,11471.35
768,002168,深圳惠程,0.59,12833.15,7591.25
769,002162,悦心健康,1.18,1443.41,1702.63
770,002128,露天煤业,1.54,53384.45,82395.56
771,002120,韵达股份,23.63,4981.79,117722.43
772,002113,天润数娱,-12.33,-438.82,5411.31
773,002082,栋梁新材,1.11,6302.46,6973.56
774,002075,沙钢股份,-2.73,-8062.18,21999.55
775,002061,江山化工,-0.36,-18334.43,6627.97
776,002050,三花智控,1.42,60540.69,85745.53
777,002049,紫光国芯,1.0,33548.01,33610.64
778,002015,霞客环保,-0.38,10888.2,-4124.19
779,002012,凯恩股份,0.45,1930.02,868.91
780,000981,银亿股份,0.97,52711.71,51388.43
781,000953,*ST河化,1.32,-10701.35,-14176.06
782,000935,四川双马,-0.74,-11372.5,8453.89
783,000916,华北高速,2.21,13580.29,30001.0
784,000898,鞍钢股份,-0.35,-459300.0,161600.0
785,000892,欢瑞世纪,203.86,130.03,26507.31
786,000889,茂业通信,1.43,15360.32,21995.41
787,000885,同力水泥,1.18,3608.93,4269.42
788,000862,银星能源,-0.09,-11703.16,1103.02
789,000838,财信发展,1.33,8387.73,11130.79
790,000821,京山轻机,1.69,5058.83,8536.3
791,000812,陕西金叶,1.76,1979.96,3492.67
792,000800,一汽轿车,-18.02,5294.81,-95432.73
793,000758,中色股份,0.79,37514.59,29601.33
794,000755,*ST三维,1.34,-50522.33,-67490.91
795,000716,黑芝麻,0.11,14913.82,1631.61
796,000710,*ST天仪,0.32,-1300.87,-418.59
797,000682,东方电子,1.19,5020.96,5972.58
798,000673,当代东方,1.6,11074.87,17747.05
799,000636,风华高科,2.25,6172.84,13890.61
800,000558,莱茵体育,-0.07,-35838.56,2519.22
801,000526,*ST紫学,7.28,-1356.25,-9868.32
802,000408,*ST金源,-15.32,-5952.28,91180.98
803,000063,中兴通讯,-0.73,320788.5,-235741.8
804,000040,东旭蓝天,2.83,6204.96,17537.95
805,000034,神州数码,18.9,2136.32,40379.52
806,000032,深桑达Ａ,1.11,5459.15,6071.29
807,000029,深深房Ａ,1.03,30112.98,31156.74
808,000008,神州高铁,2.81,18567.15,52186.62
809,000007,全新好,5.57,1399.62,7801.9
810,000004,国农科技,31.51,124.71,3929.93
811,300097,智云股份,1.73,5369.02,9302.29
812,603368,柳州医药,1.54,20837.83,32101.15
813,603030,全筑股份,1.22,8253.25,10039.14
814,300403,地尔汉宇,1.3,14780.51,19156.6
815,002821,凯莱英,1.65,15354.5,25273.52
816,002485,希努尔,0.33,2258.61,746.86
817,300373,扬杰科技,1.46,13780.27,20182.09
818,601088,中国神华,1.41,1614400.0,2271200.0
819,603686,龙马环卫,1.4,15077.6,21132.12
820,603806,福斯特,1.31,64729.46,84773.59
821,600172,黄河旋风,1.34,27487.03,36965.7
822,600325,华发股份,1.44,70801.42,101838.19
823,603990,麦迪科技,1.16,3895.6,4520.57
824,600666,奥瑞德,1.55,30061.23,46531.88
825,002150,通润装备,1.5,6632.05,9932.96
826,002626,金达威,2.66,11257.3,29976.79
827,300630,普利制药,1.38,5070.19,6977.85
828,002131,利欧股份,2.53,22541.05,57101.18
829,000062,深圳华强,1.13,37558.01,42586.09
830,002300,太阳电缆,0.86,18109.99,15533.08
831,600641,万业企业,3.4,21147.25,71842.21
832,601628,中国人寿,0.55,3469900.0,1912700.0
833,002534,杭锅股份,-1.24,-15493.74,19153.01
834,600483,福能股份,0.95,106333.78,101460.43
835,002024,苏宁云商,0.81,87250.4,70441.4
836,300431,暴风集团,0.3,17331.37,5281.17
837,601965,中国汽研,1.1,31087.94,34184.23
838,600885,宏发股份,1.23,47230.24,58176.85
839,300378,鼎捷软件,3.52,1166.35,4108.22
840,002114,罗平锌电,4.68,1772.92,8291.35
841,601968,宝钢包装,0.11,8734.81,988.51
842,601688,华泰证券,0.59,1069687.09,627061.15
843,000776,广发证券,0.61,1320101.41,803010.66
844,600999,招商证券,0.5,1090874.88,540345.06
845,000739,普洛药业,1.26,20823.03,26289.71
846,600123,兰花科创,-48.09,1372.55,-66004.22
847,002208,合肥城建,1.19,9151.96,10875.94
848,002244,滨江集团,1.39,100286.28,139880.7
849,002153,石基信息,1.08,36099.57,38879.03
850,002568,百润股份,-0.29,50019.77,-14702.19
851,600843,上工申贝,0.92,15741.71,14423.13
852,000987,越秀金控,2.71,22906.49,62049.58
853,300558,贝达药业,1.07,34529.81,36879.59
854,000639,西王食品,0.92,14627.98,13481.51
855,600493,凤竹纺织,4.34,1299.8,5642.09
856,600369,西南证券,0.26,355465.05,91757.27
857,600052,浙江广厦,-0.54,-65611.26,35747.56
858,300033,同花顺,1.27,95722.28,121157.67
859,300086,康芝药业,0.68,6831.11,4615.66
860,603611,诺力股份,1.35,10719.7,14484.28
861,600028,中国石化,1.44,3220700.0,4641600.0
862,300325,德威新材,1.22,6323.57,7743.92
863,600035,楚天高速,0.91,42965.18,39045.66
864,300041,回天新材,1.16,8385.21,9703.92
865,600101,明星电力,0.94,8908.52,8353.91
866,000993,闽东电力,1.15,2290.52,2633.05
867,600508,上海能源,39.6,1140.69,45166.86
868,000978,桂林旅游,0.25,2988.8,738.78
869,600163,中闽能源,18.23,578.47,10547.85
870,300269,联建光电,1.8,22367.2,40296.02
871,002828,贝肯能源,0.96,6522.29,6260.89
872,002056,横店东磁,1.37,32317.38,44118.38
873,002086,东方海洋,1.53,4996.02,7661.71
874,300580,贝斯特,1.24,9409.07,11695.62
875,000541,佛山照明,20.08,5340.56,107234.21
876,002344,海宁皮城,1.0,54880.27,54998.82
877,600882,广泽股份,-0.12,-27491.06,3221.01
878,002228,合兴包装,0.9,11473.87,10293.65
879,000626,远大控股,1.27,30808.15,39093.82
880,600103,青山纸业,-0.31,-14651.58,4498.85
881,600039,四川路桥,1.02,102509.69,104455.26
882,002022,科华生物,1.1,21062.49,23240.05
883,002727,一心堂,1.02,34643.86,35337.7
884,002250,联化科技,0.41,63807.24,26385.21
885,002377,国创高新,0.17,3114.7,521.64
886,601636,旗滨集团,4.87,17133.26,83505.69
887,600192,长城电工,0.55,4047.03,2231.5
888,300043,星辉娱乐,1.3,35193.36,45802.77
889,600736,苏州高新,1.6,19141.63,30711.28
890,600367,红星发展,-0.24,-19039.1,4585.95
891,000425,徐工机械,4.12,5059.82,20858.32
892,002174,游族网络,1.14,51556.66,58787.99
893,000721,西安饮食,-0.39,-3164.76,1235.12
894,601818,光大银行,1.03,2952800.0,3032900.0
895,600086,东方金钰,0.84,30028.7,25081.52
896,600971,恒源煤电,-0.03,-138329.15,3528.66
897,000667,美好置业,1.55,42818.11,66485.62
898,002240,威华股份,-0.12,-19482.86,2340.58
899,600826,兰生股份,1.64,51092.7,84043.53
900,600222,太龙药业,0.72,555.7,401.56
901,600067,冠城大通,1.51,21245.05,32151.71
902,600026,中远海能,4.93,38968.57,192251.27
903,300350,华鹏飞,1.55,8532.64,13190.22
904,600716,凤凰股份,-0.7,-7478.3,5243.34
905,600109,国金证券,0.55,235977.62,129873.05
906,603887,城地股份,0.99,5596.09,5534.62
907,300205,天喻信息,2.84,699.5,1984.98
908,600350,山东高速,1.12,275787.45,308935.75
909,000797,中国武夷,1.72,12763.34,21966.42
910,002149,西部材料,-0.16,-13231.1,2122.11
911,600754,锦江股份,1.09,63760.95,69457.94
912,600664,哈药股份,1.36,58013.27,78810.31
913,002596,海南瑞泽,0.89,7896.39,7021.65
914,600488,天药股份,0.81,7872.39,6380.57
915,300419,浩丰科技,1.07,5722.04,6141.81
916,000656,金科股份,1.1,126695.96,139526.03
917,600789,鲁抗医药,3.69,789.72,2910.2
918,300188,美亚柏科,1.37,13316.5,18262.4
919,000150,宜华健康,14.42,5161.27,74438.61
920,600393,粤泰股份,2.25,6450.95,14514.23
921,600289,亿阳信通,1.23,10555.11,12981.65
922,300487,蓝晓科技,1.21,5085.36,6169.56
923,600862,中航高科,0.51,14460.59,7342.21
924,000970,中科三环,1.15,27476.35,31659.31
925,002579,中京电子,3.8,2924.0,11098.64
926,000043,中航地产,0.4,40121.89,16139.09
927,600358,国旅联合,-12.81,1273.18,-16310.36
928,000705,浙江震元,1.25,3622.56,4527.56
929,000572,海马汽车,1.42,16246.08,23023.09
930,600064,南京高科,1.09,84820.17,92652.8
931,300034,钢研高纳,0.77,12428.8,9596.79
932,002809,红墙股份,0.8,8258.42,6613.61
933,002471,中超控股,1.01,11133.18,11194.66
934,603328,依顿电子,1.26,46734.14,58842.78
935,603085,天成自控,1.05,3340.82,3522.13
936,601677,明泰铝业,1.56,17296.61,26917.75
937,600355,精伦电子,-0.13,-8987.53,1129.44
938,300567,精测电子,1.29,7675.04,9868.42
939,600825,新华传媒,0.84,5779.48,4840.7
940,600346,恒力股份,-4.85,-24310.17,117983.43
941,000555,神州信息,0.69,35062.03,24199.06
942,600036,招商银行,1.08,5769600.0,6208100.0
943,002703,浙江世宝,1.19,5354.08,6348.75
944,002455,百川股份,1.33,6012.65,7979.44
945,603566,普莱柯,1.33,14174.22,18800.21
946,603311,金海环境,1.37,5175.02,7078.68
947,300078,思创医惠,1.33,14096.82,18797.89
948,600223,鲁商置业,0.82,11249.18,9237.21
949,300590,移为通信,0.94,10152.17,9526.94
950,601377,兴业证券,0.49,416715.06,204632.14
951,600403,*ST大有,1.52,-128832.6,-196263.13
952,000877,天山股份,-0.19,-52505.07,9978.54
953,002700,新疆浩源,0.72,11084.44,8005.53
954,300338,开元仪器,1.55,379.35,589.16
955,002630,华西能源,1.03,19841.58,20507.13
956,603118,共进股份,1.36,25259.66,34309.74
957,300533,冰川网络,0.91,17154.92,15546.4
958,002044,美年健康,1.3,26027.34,33891.04
959,002441,众业达,0.79,18137.67,14338.36
960,002159,三特索道,-1.25,4300.71,-5394.03
961,000933,*ST神火,-0.2,-167268.86,34213.92
962,600496,精工钢构,0.57,19159.06,10957.31
963,000576,广东甘化,0.58,17732.07,10240.62
964,603993,洛阳钼业,1.31,76116.01,99804.06
965,300531,优博讯,1.14,5949.47,6756.54
966,600261,阳光照明,1.22,37164.94,45220.27
967,601099,太平洋,0.59,113305.52,66772.1
968,002668,奥马电器,1.12,26703.38,29804.49
969,002533,金杯电工,1.16,14606.16,16897.05
970,600482,中国动力,6.13,17507.87,107324.9
971,000902,新洋丰,0.75,74762.87,56308.67
972,002520,日发精机,1.04,3957.8,4112.47
973,002190,成飞集成,1.56,8810.98,13771.64
974,600061,国投安信,0.57,452259.27,256173.2
975,002484,江海股份,1.15,12907.28,14904.66
976,000606,神州易桥,-0.29,-15911.59,4581.83
977,600706,曲江文旅,1.11,4792.16,5340.1
978,002331,皖通科技,1.11,6949.44,7687.27
979,300330,华虹计通,2.13,-1361.48,-2894.72
980,001696,宗申动力,0.76,38122.75,29111.76
981,601127,小康股份,1.38,37236.97,51351.69
982,002152,广电运通,0.94,89846.51,84397.21
983,601155,新城控股,1.64,183627.44,301922.85
984,000795,英洛华,-0.6,-5795.43,3458.08
985,002265,西仪股份,-0.22,-3118.48,701.26
986,600635,大众公用,1.19,46113.46,54764.43
987,000166,申万宏源,0.45,1215418.79,540905.83
988,300331,苏大维格,3.3,958.07,3163.92
989,600284,浦东建设,0.95,37915.78,35911.23
990,002612,朗姿股份,2.2,7445.64,16401.58
991,002145,中核钛白,-0.67,-12636.65,8409.07
992,002479,富春环保,1.35,18139.21,24492.8
993,002106,莱宝高科,-0.35,-59752.35,21177.35
994,300480,光力科技,1.27,2438.71,3091.05
995,603899,晨光文具,1.17,42264.67,49291.99
996,002130,沃尔核材,0.19,56987.33,10727.64
997,002397,梦洁股份,0.63,15533.3,9727.28
998,600131,岷江水电,1.3,12665.13,16409.42
999,600416,湘电股份,2.19,6348.28,13877.86
1000,600273,嘉化能源,1.1,67236.66,74047.7
1001,600623,华谊集团,0.59,70407.33,41829.64
1002,603667,五洲新春,1.04,8510.46,8869.29
1003,600195,中牧股份,1.21,27566.69,33442.01
1004,300333,兆日科技,0.46,4163.05,1910.26
1005,000552,靖远煤电,1.23,17982.63,22171.86
1006,002010,传化智联,1.06,55062.91,58098.54
1007,300619,金银河,1.8,2394.07,4311.77
1008,300279,和晶科技,2.85,2402.9,6850.13
1009,600282,南钢股份,-0.15,-243242.59,35373.52
1010,300363,博腾股份,1.55,11039.48,17118.97
1011,600871,石化油服,-658.34,2447.8,-1611476.3
1012,603040,新坐标,1.2,4614.46,5547.94
1013,603656,泰禾光电,1.11,7512.55,8365.96
1014,300193,佳士科技,1.31,7729.31,10100.88
1015,000952,广济药业,6.78,2092.15,14183.92
1016,603208,江山欧派,1.17,9372.76,10936.04
1017,601988,中国银行,0.96,17084500.0,16457800.0
1018,000159,国际实业,0.63,5602.15,3521.76
1019,000597,东北制药,-0.06,-38435.78,2378.81
1020,600080,金花股份,1.08,2538.41,2729.91
1021,600893,中航动力,0.86,103333.79,89069.55
1022,000022,深赤湾Ａ,1.01,52775.15,53237.65
1023,300519,新光药业,1.0,11878.42,11895.88
1024,300127,银河磁体,1.27,9292.39,11829.09
1025,603393,新天然气,1.01,20040.5,20336.18
1026,600470,六国化工,-0.84,14879.32,-12462.45
1027,300274,阳光电源,1.3,42540.2,55361.31
1028,002023,海特高新,1.03,3965.32,4076.84
1029,000779,三毛派神,-0.17,-7906.28,1314.13
1030,601999,出版传媒,1.53,8018.97,12294.67
1031,300080,易成新能,3.21,640.12,2055.72
1032,600958,东方证券,0.32,732522.45,231397.49
1033,300396,迪瑞医疗,1.16,10827.8,12513.62
1034,600077,宋都股份,-2.57,7754.23,-19947.44
1035,603039,泛微网络,1.29,5039.6,6521.94
1036,002591,恒大高新,-0.21,-6645.46,1412.16
1037,002617,露笑科技,0.78,8320.39,6476.35
1038,600063,皖维高新,1.01,10923.12,11020.83
1039,300570,太辰光,0.87,11644.43,10139.68
1040,600251,冠农股份,0.2,13114.08,2645.79
1041,600020,中原高速,0.65,114453.84,74813.99
1042,002702,海欣食品,-0.33,-3951.41,1307.16
1043,002087,新野纺织,1.77,11722.47,20745.52
1044,601918,新集能源,-0.09,-256116.4,24173.64
1045,600569,安阳钢铁,-0.05,-255062.26,12323.71
1046,300128,锦富技术,1.77,2158.25,3820.12
1047,600784,鲁银投资,-0.64,-6484.98,4171.67
1048,300229,拓尔思,1.13,12101.69,13700.53
1049,600171,上海贝岭,0.74,5114.33,3785.39
1050,600967,北方创业,-8.76,-5665.68,49650.87
1051,000727,华东科技,2.24,1053.61,2359.7
1052,600187,国中水务,-0.14,-11787.43,1618.9
1053,000573,粤宏远Ａ,-2.14,-9206.27,19716.65
1054,300395,菲利华,1.28,8417.8,10803.11
1055,600362,江西铜业,1.24,63721.81,78753.81
1056,002633,申科股份,-1.23,2086.54,-2570.58
1057,002243,通产丽星,3.44,763.54,2627.85
1058,000561,烽火电子,1.15,7646.27,8824.01
1059,000099,中信海直,0.51,16941.16,8592.95
1060,600870,厦华电子,-0.36,1399.03,-510.21
1061,600428,中远海特,0.35,14558.14,5026.09
1062,600373,中文传媒,1.22,105795.52,129536.39
1063,002371,北方华创,2.4,3864.79,9290.16
1064,002079,苏州固锝,4.97,2283.38,11340.97
1065,300561,汇金科技,1.11,7097.3,7886.15
1066,000671,阳 光 城,0.87,141820.49,123005.98
1067,002561,徐家汇,0.95,25313.25,24146.85
1068,300114,中航电测,1.03,10032.31,10303.51
1069,002239,奥特佳,2.0,22328.5,44607.23
1070,002692,睿康股份,0.71,12805.01,9103.68
1071,600577,精达股份,1.72,12984.69,22391.93
1072,300146,汤臣倍健,0.84,63549.61,53521.18
1073,000929,兰州黄河,-0.36,6882.16,-2509.36
1074,300101,振芯科技,0.51,7827.18,4000.76
1075,002632,道明光学,1.08,4499.52,4871.04
1076,601678,滨化股份,0.83,43100.13,35881.31
1077,300037,新宙邦,2.0,12767.19,25591.97
1078,000983,西山煤电,3.08,14104.77,43407.65
1079,002445,中南文化,1.64,13936.27,22861.9
1080,600033,福建高速,1.22,55078.52,67115.35
1081,603986,兆易创新,1.12,15778.26,17642.76
1082,002156,通富微电,1.23,14732.54,18081.46
1083,603333,明星电缆,-23.49,330.28,-7759.27
1084,002508,老板电器,1.45,83049.12,120683.39
1085,600021,上海电力,0.69,133244.26,91645.74
1086,600749,西藏旅游,-17.76,535.53,-9512.41
1087,002577,雷柏科技,-0.07,-25945.64,1793.53
1088,600548,深高速,0.75,155265.64,116935.32
1089,600822,上海物贸,-0.01,-158440.47,1471.43
1090,600722,金牛化工,0.11,24444.96,2591.7
1091,600817,*ST宏盛,-0.25,-1341.8,331.03
1092,300124,汇川技术,1.15,80928.14,93183.75
1093,600218,全柴动力,1.23,7703.02,9489.14
1094,000793,华闻传媒,1.04,83785.17,87280.61
1095,300264,佳创视讯,1.9,716.69,1364.46
1096,601555,东吴证券,0.55,270849.49,149828.85
1097,002301,齐心集团,5.32,1970.83,10489.14
1098,300243,瑞丰高材,0.38,4730.95,1781.12
1099,603160,汇顶科技,2.26,37835.31,85682.4
1100,600378,天科股份,0.63,4321.31,2711.12
1101,300108,双龙股份,1.37,13564.12,18636.13
1102,300452,山河药辅,1.1,4427.3,4878.56
1103,600425,*ST青松,0.85,-68079.86,-57554.52
1104,600096,云天化,-33.2,10119.15,-335949.24
1105,600769,祥龙电业,0.28,631.21,179.19
1106,300522,世名科技,1.17,5528.81,6465.12
1107,002770,科迪乳业,0.93,9667.71,8949.53
1108,000802,北京文化,24.61,2122.46,52239.92
1109,600711,盛屯矿业,1.36,13845.45,18856.49
1110,601898,中煤能源,-0.8,-252008.9,202653.0
1111,002688,金河生物,1.57,10465.27,16412.92
1112,600626,申达股份,1.14,16995.56,19418.48
1113,300098,高新兴,2.25,14013.84,31595.77
1114,600610,中毅达,-0.72,-654.63,468.82
1115,300436,广生堂,0.64,10349.46,6641.3
1116,002587,奥拓电子,4.03,2141.61,8628.24
1117,300611,美力科技,1.16,4787.32,5535.13
1118,300111,向日葵,0.35,8763.42,3064.38
1119,000589,黔轮胎Ａ,-0.06,-25898.21,1522.72
1120,600007,中国国贸,1.09,62759.87,68634.04
1121,600219,南山铝业,2.34,56028.39,131272.79
1122,600512,腾达建设,-2.94,-2869.69,8447.41
1123,000419,通程控股,1.0,10241.07,10224.85
1124,600502,安徽水利,1.19,25588.41,30564.2
1125,600575,皖江物流,2.41,19649.7,47277.73
1126,600563,法拉电子,1.19,32796.54,38955.45
1127,600156,华升股份,1.01,936.19,947.95
1128,600037,歌华有线,1.08,67276.08,72520.19
1129,600343,航天动力,0.59,4988.4,2965.77
1130,600235,民丰特纸,-0.08,-15518.91,1255.07
1131,600312,平高电气,1.48,82675.63,121989.71
1132,000751,锌业股份,1.48,9076.41,13439.62
1133,002697,红旗连锁,0.81,17921.86,14431.67
1134,600846,同济科技,1.13,16025.33,18161.26
1135,002354,天神娱乐,1.51,36210.31,54673.41
1136,300319,麦捷科技,2.03,7693.63,15646.2
1137,002408,齐翔腾达,2.73,18418.71,50251.02
1138,300207,欣旺达,1.38,32501.09,44993.0
1139,000514,渝 开 发,16.64,737.08,12266.15
1140,002723,金莱特,0.15,4269.49,658.54
1141,300096,易联众,0.45,2342.8,1059.82
1142,600399,抚顺特钢,0.57,19673.28,11123.73
1143,300016,北陆药业,0.5,3257.92,1637.95
1144,002765,蓝黛传动,1.74,7404.32,12863.26
1145,002295,精艺股份,1.44,636.61,918.43
1146,000967,盈峰环境,2.19,11210.15,24578.99
1147,000023,深天地Ａ,0.37,2673.07,995.22
1148,002395,双象股份,1.54,2315.35,3555.09
1149,002772,众兴菌业,1.39,11438.14,15851.03
1150,300512,中亚股份,1.2,13368.17,16107.32
1151,002404,嘉欣丝绸,1.7,5842.05,9957.6
1152,601168,西部矿业,3.29,3037.11,9980.08
1153,000868,安凯客车,1.28,4023.66,5135.07
1154,600707,彩虹股份,-5.43,5021.58,-27251.25
1155,002069,獐子岛,-0.33,-24293.63,7959.34
1156,601038,一拖股份,1.65,13532.28,22336.97
1157,300494,盛天网络,1.43,7650.99,10975.02
1158,002398,建研集团,0.83,20205.86,16728.32
1159,600919,江苏银行,1.12,949743.3,1061057.9
1160,603158,腾龙股份,1.27,9283.46,11835.26
1161,603718,海利生物,0.9,9540.26,8553.63
1162,601518,吉林高速,1.38,13922.2,19194.68
1163,600220,江苏阳光,1.37,11125.42,15288.03
1164,600676,交运股份,0.9,34185.12,30767.04
1165,603833,欧派家居,1.94,48849.0,94956.21
1166,000421,南京公用,0.84,22816.28,19260.45
1167,603002,宏昌电子,0.43,6221.98,2667.92
1168,000677,恒天海龙,0.08,5476.52,452.14
1169,002249,大洋电机,1.49,34117.39,50935.01
1170,000918,嘉凯城,-0.17,-234344.28,39883.1
1171,000819,岳阳兴长,0.62,4860.41,3033.76
1172,000899,赣能股份,0.66,57455.9,37823.58
1173,002360,同德化工,1.02,8104.2,8273.91
1174,600560,金自天正,1.09,1819.53,1985.41
1175,002119,康强电子,-0.76,-5727.96,4361.79
1176,600283,钱江水利,1.43,4124.73,5894.83
1177,600531,豫光金铅,14.11,1250.54,17642.22
1178,000038,深大通,39.31,593.39,23325.44
1179,002421,达实智能,1.8,15263.33,27549.54
1180,600376,首开股份,0.91,208349.28,190141.7
1181,300139,晓程科技,0.8,3497.65,2798.51
1182,600167,联美控股,3.96,17660.29,69892.42
1183,002733,雄韬股份,0.91,13244.97,12004.97
1184,600468,百利电气,3.18,1674.02,5325.52
1185,603520,司太立,1.1,6894.41,7612.15
1186,600113,浙江东日,1.08,9246.01,9941.95
1187,601313,江南嘉捷,0.71,22548.31,15944.74
1188,300383,光环新网,2.95,11358.84,33515.98
1189,600895,张江高科,1.51,48160.83,72661.76
1190,603663,三祥新材,1.19,3309.64,3933.16
1191,603885,吉祥航空,1.19,104728.76,124907.42
1192,300017,网宿科技,1.5,83134.81,125039.66
1193,600527,XD江南高,-1.47,-1869.71,2744.91
1194,600688,上海石化,1.83,324584.9,595557.6
1195,300159,新研股份,0.83,30075.48,25093.73
1196,000543,皖能电力,0.77,115482.08,88903.3
1197,600936,广西广电,0.79,38038.51,30107.88
1198,600801,华新水泥,4.4,10275.6,45194.04
1199,600962,国投中鲁,0.03,3197.3,90.0
1200,603800,道森股份,-2.17,2760.86,-6003.96
1201,300409,道氏技术,1.99,5091.2,10114.65
1202,300317,珈伟股份,2.29,13691.6,31404.68
1203,300448,浩云科技,1.32,6588.39,8716.01
1204,000498,山东路桥,1.14,37700.57,42970.66
1205,002077,大港股份,-2.26,-1842.56,4159.49
1206,600909,华安证券,0.32,186507.2,60201.34
1207,002693,双成药业,-7.37,5267.91,-38841.06
1208,002780,三夫户外,1.15,3080.21,3537.16
1209,300609,汇纳科技,1.3,3715.74,4830.14
1210,002696,百洋股份,1.04,5707.84,5925.59
1211,600366,宁波韵升,2.35,34062.06,79972.13
1212,600262,北方股份,-0.11,-16200.05,1737.09
1213,600127,金健米业,-0.06,-17266.29,1008.31
1214,603877,太平鸟,0.8,53590.35,42753.89
1215,300144,宋城演艺,1.43,63056.09,90230.52
1216,601328,交通银行,1.01,6652800.0,6721000.0
1217,002501,利源精制,1.15,47809.17,55028.48
1218,600605,汇通能源,2.42,1027.51,2482.26
1219,002530,丰东股份,1.38,3384.1,4655.68
1220,002350,北京科锐,1.79,4280.43,7646.22
1221,002815,崇达技术,1.25,30088.23,37575.34
1222,300141,和顺电气,1.32,2259.79,2972.91
1223,002220,天宝股份,1.17,15554.96,18153.38
1224,300177,中海达,12.16,155.26,1888.29
1225,002406,远东传动,1.26,9248.19,11694.1
1226,600621,华鑫股份,1.18,13038.73,15421.55
1227,601811,新华文轩,1.0,64726.95,64746.23
1228,600765,中航重机,-0.81,-30008.27,24246.31
1229,002469,三维工程,0.09,12575.07,1176.7
1230,000850,华茂股份,1.22,8098.96,9857.48
1231,002559,亚威股份,1.59,7356.96,11678.96
1232,600303,曙光股份,0.59,10341.5,6068.97
1233,300014,亿纬锂能,1.66,15130.26,25181.52
1234,600513,联环药业,1.25,5011.5,6269.02
1235,600841,上柴股份,1.05,9293.29,9785.78
1236,603658,安图生物,1.26,27802.68,34975.81
1237,600495,晋西车轴,0.27,10080.95,2694.31
1238,000708,大冶特钢,1.08,27039.29,29268.07
1239,000783,长江证券,0.63,349336.52,220657.6
1240,000608,阳光股份,-23.2,2018.0,-46823.8
1241,600830,香溢融通,0.76,14170.76,10803.84
1242,600389,江山股份,4.96,1057.08,5238.04
1243,600016,民生银行,1.04,4611100.0,4784300.0
1244,300282,汇冠股份,-1.13,-11146.37,12570.25
1245,300257,开山股份,0.57,17596.23,9945.57
1246,000531,穗恒运Ａ,1.27,45007.67,57346.18
1247,002362,汉王科技,4.42,482.23,2131.92
1248,002029,七 匹 狼,0.98,27303.08,26719.16
1249,601118,海南橡胶,-0.06,-98971.32,6130.55
1250,601882,海天精工,1.08,5841.82,6327.74
1251,002272,川润股份,-0.21,-6786.59,1454.82
1252,600316,洪都航空,0.14,7816.52,1104.04
1253,300443,金雷风电,1.44,14526.77,20988.36
1254,002574,明牌珠宝,0.71,6129.86,4371.38
1255,002105,信隆健康,-0.52,-5483.14,2855.17
1256,002253,川大智胜,1.16,3341.19,3889.1
1257,300179,四方达,0.64,4612.7,2951.52
1258,002337,赛象科技,-0.13,-9883.69,1291.05
1259,600000,浦发银行,1.05,5060400.0,5309900.0
1260,600456,宝钛股份,-0.2,-18677.57,3686.21
1261,002277,友阿股份,0.96,31018.31,29917.18
1262,600814,杭州解百,0.87,22620.75,19572.62
1263,300105,龙源技术,3.44,-4782.27,-16448.47
1264,603089,正裕工业,1.31,6717.74,8820.15
1265,603630,拉芳家化,1.05,14282.77,14946.5
1266,002074,国轩高科,1.76,58461.21,103093.97
1267,600120,浙江东方,1.12,58886.5,66129.92
1268,002006,精功科技,3.96,1586.32,6285.68
1269,000027,深圳能源,0.75,179038.46,134707.03
1270,002409,雅克科技,0.75,9028.05,6784.09
1271,300586,美联新材,1.15,4116.83,4731.67
1272,600330,天通股份,1.51,7318.24,11033.17
1273,000949,新乡化纤,0.83,13830.84,11501.55
1274,300067,安诺其,1.32,6195.67,8185.8
1275,603839,安正时尚,0.97,24386.78,23604.4
1276,000990,诚志股份,0.91,12107.85,11078.01
1277,002643,万润股份,1.24,25784.75,31865.27
1278,000851,高鸿股份,0.94,8538.8,8009.69
1279,300546,雄帝科技,1.13,5346.83,6041.13
1280,002109,兴化股份,-0.21,-13465.05,2808.24
1281,000088,盐 田 港,0.81,43558.82,35182.45
1282,300119,瑞普生物,1.2,11031.08,13278.25
1283,603668,天马科技,1.22,6604.66,8029.35
1284,002139,拓邦股份,1.79,8062.94,14429.37
1285,300138,晨光生物,1.34,6886.25,9247.4
1286,002472,双环传动,1.36,13674.14,18574.91
1287,300528,幸福蓝海,1.05,10707.1,11249.91
1288,000544,中原环保,2.91,10226.66,29750.02
1289,600880,博瑞传播,0.81,7466.22,6013.61
1290,600232,金鹰股份,0.97,2984.48,2905.64
1291,300234,开尔新材,0.43,6617.51,2845.57
1292,000975,银泰资源,0.89,24791.34,21964.36
1293,002031,巨轮智能,0.24,12933.61,3154.66
1294,002224,三 力 士,0.91,24693.01,22582.89
1295,002634,棒杰股份,1.12,3623.0,4039.81
1296,300557,理工光科,1.14,3810.37,4357.54
1297,002310,东方园林,2.15,60196.71,129560.85
1298,600095,哈高科,1.05,1457.72,1537.73
1299,603727,博迈科,1.06,21921.16,23302.2
1300,002172,澳洋科技,1.91,13586.23,25924.22
1301,600106,重庆路桥,1.31,22474.99,29526.3
1302,300575,中旗股份,0.81,9480.79,7715.93
1303,600812,华北制药,0.87,6284.83,5441.51
1304,000966,长源电力,0.42,95223.88,39880.35
1305,002367,康力电梯,0.87,48875.53,42406.83
1306,603138,海量数据,1.21,3616.38,4360.49
1307,300342,天银机电,1.51,10960.29,16527.62
1308,600356,恒丰纸业,1.08,8796.81,9467.0
1309,603358,华达科技,1.13,25728.44,29088.15
1310,603029,天鹅股份,0.7,3992.41,2814.08
1311,002773,康弘药业,1.26,39381.33,49675.19
1312,603429,集友股份,1.13,4687.12,5280.38
1313,000702,正虹科技,0.41,488.33,202.45
1314,300143,星河生物,5.21,1057.66,5508.04
1315,600618,氯碱化工,-3.43,9561.5,-32809.18
1316,600658,电子城,0.81,51951.67,41995.41
1317,002492,恒基达鑫,1.36,3253.63,4437.08
1318,002355,兴民智通,1.86,2730.75,5081.63
1319,002179,中航光电,1.29,56835.73,73376.59
1320,000536,华映科技,2.6,15196.25,39566.97
1321,000875,吉电股份,0.11,11775.45,1300.49
1322,300218,安利股份,1.06,5530.23,5837.91
1323,600990,四创电子,1.12,11530.07,12945.5
1324,600691,阳煤化工,-20.97,4332.82,-90851.56
1325,000757,浩物股份,1.75,1503.35,2631.98
1326,000070,特发信息,2.13,9194.19,19578.51
1327,300375,鹏翎股份,1.26,12475.45,15731.5
1328,300565,科信技术,0.98,6283.82,6182.39
1329,000006,深振业Ａ,1.87,41675.28,77858.09
1330,002308,威创股份,1.53,11947.15,18223.35
1331,300239,东宝生物,3.26,588.96,1922.7
1332,600433,冠豪高新,2.95,3676.15,10852.5
1333,002018,华信国际,2.33,15813.19,36803.93
1334,603239,浙江仙通,1.71,8772.9,15016.66
1335,002368,太极股份,1.5,20150.03,30159.54
1336,000720,新能泰山,-0.83,8072.41,-6670.57
1337,000630,铜陵有色,-0.27,-66643.27,18032.4
1338,002100,天康生物,1.6,24579.32,39254.14
1339,300045,华力创通,1.63,3131.2,5102.64
1340,002848,高斯贝尔,1.2,5024.42,6013.06
1341,002340,格林美,1.71,15421.06,26373.19
1342,600243,青海华鼎,-7.93,832.87,-6605.2
1343,600721,百花村,-0.34,-40598.27,13913.42
1344,000712,锦龙股份,0.4,91322.06,36556.41
1345,300573,兴齐眼药,2.47,2197.96,5427.93
1346,002540,亚太科技,1.23,24080.29,29677.22
1347,300422,博世科,1.46,4299.2,6267.89
1348,601899,紫金矿业,1.11,165567.16,183979.88
1349,603100,川仪股份,0.84,15288.23,12900.45
1350,002320,海峡股份,1.34,11727.89,15686.93
1351,600515,海航基础,15.01,6393.77,95975.83
1352,600270,外运发展,0.99,101029.03,99525.17
1353,002523,天桥起重,1.31,8172.38,10698.65
1354,002689,远大智能,0.59,11864.63,7012.78
1355,002283,天润曲轴,1.29,15026.12,19429.68
1356,300520,科大国创,1.28,4444.85,5692.74
1357,600917,重庆燃气,0.99,37490.14,37122.62
1358,300502,新易盛,1.11,9445.03,10528.68
1359,002853,皮阿诺,1.28,6852.81,8753.99
1360,002164,宁波东力,1.04,1115.26,1156.72
1361,600615,丰华股份,2.6,356.33,925.7
1362,600630,龙头股份,0.26,8092.12,2077.82
1363,300552,万集科技,1.08,6394.06,6934.76
1364,002850,科达利,1.51,15448.54,23266.77
1365,600278,东方创业,1.01,14735.22,14886.13
1366,600624,复旦复华,0.73,5224.87,3815.5
1367,603028,赛福天,0.68,4579.57,3112.34
1368,600965,福成股份,1.11,16638.04,18474.32
1369,000890,法 尔 胜,25.57,552.82,14134.74
1370,600561,江西长运,-1.27,7713.7,-9763.67
1371,300617,安靠智电,1.14,6377.74,7258.36
1372,600526,菲达环保,0.53,8396.22,4443.16
1373,300523,辰安科技,1.02,7779.77,7935.57
1374,603090,宏盛股份,1.08,3686.05,3985.13
1375,601015,陕西黑猫,-0.77,-28092.82,21562.4
1376,300507,苏奥传感,1.24,7793.26,9633.04
1377,603615,茶花股份,1.01,9014.36,9143.69
1378,603960,克来机电,1.17,3062.48,3579.58
1379,600363,联创光电,1.1,14247.87,15742.52
1380,600775,南京熊猫,0.83,14383.67,11924.05
1381,002793,东音股份,1.23,8178.74,10036.28
1382,600884,杉杉股份,0.5,66481.38,33016.31
1383,300031,宝通科技,2.06,6829.82,14072.57
1384,603991,至正股份,1.11,3366.22,3745.48
1385,000520,长航凤凰,0.08,12259.47,971.63
1386,600796,钱江生化,1.24,2654.36,3283.21
1387,002654,万润科技,2.54,5648.01,14330.71
1388,600963,岳阳林纸,-0.07,-38997.67,2822.86
1389,600038,中直股份,1.0,43705.08,43916.15
1390,600682,南京新百,1.09,36650.41,39985.52
1391,002564,天沃科技,-19.47,1539.38,-29971.09
1392,601919,中远海控,-34.96,28339.11,-990600.36
1393,600185,格力地产,0.44,137076.5,60064.73
1394,300069,金利华电,2.26,1054.74,2388.59
1395,300140,中环装备,13.48,668.79,9017.29
1396,002775,文科园林,1.44,9692.18,13957.06
1397,600785,新华百货,0.46,13672.78,6295.83
1398,300532,今天国际,0.88,6230.28,5464.03
1399,601177,杭齿前进,-0.06,-11992.25,730.0
1400,000607,华媒控股,0.79,28350.96,22306.4
1401,300286,安科瑞,1.25,6412.41,8012.96
1402,300314,戴维医疗,1.38,4493.42,6216.59
1403,600868,XD梅雁吉,3.45,1976.83,6820.67
1404,300511,雪榕生物,0.85,12334.87,10480.58
1405,600714,金瑞矿业,-1.59,-3625.81,5762.33
1406,000662,天夏智慧,-127.41,-253.9,32349.9
1407,601500,通用股份,1.06,15997.56,17031.69
1408,300095,华伍股份,0.89,5210.03,4642.77
1409,600478,科力远,-28.35,746.38,-21160.81
1410,600083,博信股份,0.27,1135.78,301.3
1411,603716,塞力斯,1.12,6145.93,6891.79
1412,300335,迪森股份,2.94,4332.03,12750.98
1413,300102,乾照光电,-0.54,-9021.13,4838.24
1414,000810,创维数字,1.17,41549.58,48640.2
1415,601969,海南矿业,-28.04,1019.14,-28577.6
1416,300541,先进数通,0.98,6095.9,5950.77
1417,600969,郴电国际,0.94,10633.49,10021.36
1418,600604,市北高新,1.17,13166.07,15346.71
1419,000551,创元科技,2.06,2411.13,4977.11
1420,002226,江南化工,1.72,3571.86,6130.97
1421,300276,三丰智能,0.65,2304.06,1486.46
1422,000936,华西股份,7.04,8580.33,60445.1
1423,000962,东方钽业,-0.05,-63713.43,2900.49
1424,000859,国风塑业,1.93,953.11,1835.77
1425,601128,常熟银行,1.08,96600.35,104050.5
1426,601997,贵阳银行,1.13,322180.7,365431.9
1427,600408,安泰集团,-15.36,3789.92,-58195.48
1428,600234,ST山水,-0.89,-1610.89,1426.97
1429,000698,沈阳化工,1.81,18785.96,34049.22
1430,601233,桐昆股份,9.83,11520.46,113214.71
1431,002478,常宝股份,0.53,20606.19,10969.62
1432,000570,苏常柴Ａ,0.88,7110.28,6253.99
1433,300539,横河模具,1.41,2655.14,3753.69
1434,603338,浙江鼎力,1.39,12573.42,17478.23
1435,600692,亚通股份,1.14,4122.42,4712.12
1436,002777,久远银海,1.35,5722.27,7726.63
1437,603929,亚翔集成,2.08,7947.66,16524.05
1438,600565,迪马股份,1.66,46850.41,77675.29
1439,002237,恒邦股份,1.13,18072.0,20331.51
1440,000632,三木集团,1.36,1216.21,1657.5
1441,600744,华银电力,0.49,38110.84,18802.6
1442,300458,全志科技,1.16,12797.54,14870.34
1443,000960,锡业股份,-0.07,-196862.73,13611.93
1444,002742,三圣股份,0.97,12176.2,11791.47
1445,600926,杭州银行,1.09,370447.9,402092.7
1446,600719,大连热电,1.28,1064.14,1359.32
1447,600675,中华企业,-0.26,-248707.27,65545.82
1448,300451,创业软件,1.27,4968.17,6300.35
1449,002789,建艺集团,1.03,7956.52,8225.23
1450,000777,中核科技,1.22,8664.75,10542.27
1451,000768,中航飞机,1.03,40005.24,41313.34
1452,300595,欧普康视,1.29,8870.48,11403.8
1453,002209,达 意 隆,-3.54,1280.42,-4531.81
1454,300283,温州宏丰,4.24,571.75,2426.1
1455,300626,华瑞股份,1.75,2256.12,3950.69
1456,603665,康隆达,1.5,6261.42,9376.0
1457,300535,达威股份,1.2,4809.19,5782.11
1458,603701,德宏股份,1.24,5466.12,6773.82
1459,300184,力源信息,1.28,3702.22,4734.9
1460,300481,濮阳惠成,1.13,5748.96,6488.97
1461,300394,天孚通信,1.18,10326.56,12157.77
1462,300559,佳发安泰,1.07,5758.09,6177.66
1463,002428,云南锗业,-1.69,6106.91,-10321.34
1464,300313,天山生物,3.92,-3566.0,-13962.98
1465,002613,北玻股份,1.04,2317.33,2409.89
1466,300598,诚迈科技,1.18,4301.32,5056.2
1467,002519,银河电子,1.36,22772.73,30997.94
1468,601375,中原证券,0.51,140550.04,71864.62
1469,300591,万里马,1.15,3206.88,3700.23
1470,000529,广弘控股,1.41,7493.95,10563.22
1471,300572,安车检测,1.16,4222.02,4903.38
1472,002795,永和智控,1.02,6600.18,6737.78
1473,603303,得邦照明,0.93,34119.18,31872.1
1474,002231,奥维通信,0.82,886.45,724.91
1475,300608,思特奇,1.17,4740.2,5545.79
1476,603878,武进不锈,0.9,13580.3,12248.33
1477,300227,光韵达,0.62,2615.48,1618.58
1478,300563,神宇股份,1.11,3248.62,3599.99
1479,002011,盾安环境,1.01,8213.07,8301.31
1480,002189,利达光电,1.1,1578.46,1732.2
1481,002790,瑞尔特,1.14,15497.11,17615.76
1482,002045,国光电器,1.26,4796.48,6042.35
1483,601996,丰林集团,1.64,5395.0,8870.36
1484,300050,世纪鼎利,1.05,11443.36,11993.82
1485,002756,永兴特钢,1.14,22159.52,25360.5
1486,002852,道道全,1.12,18294.83,20573.36
1487,300548,博创科技,1.55,4393.53,6790.59
1488,002497,雅化集团,1.13,11853.18,13381.4
1489,000011,深物业A,2.26,15682.0,35485.72
1490,300553,集智股份,0.91,3002.45,2728.84
1491,002096,南岭民爆,0.31,10944.07,3385.11
1492,600071,凤凰光学,-5.82,1983.85,-11539.68
1493,000528,柳 工,2.31,2131.28,4926.01
1494,600382,广东明珠,1.13,15717.26,17720.27
1495,002806,华锋股份,1.02,2564.14,2626.54
1496,002135,东南网架,1.42,3458.35,4912.46
1497,601991,大唐发电,-0.93,280903.3,-262333.1
1498,002580,圣阳股份,1.64,3290.32,5386.3
1499,600995,文山电力,1.54,10315.96,15937.56
1500,603339,四方冷链,0.99,12571.0,12444.31
1501,000563,陕国投Ａ,1.14,45395.12,51523.76
1502,600386,北巴传媒,0.81,14612.94,11773.41
1503,600723,首商股份,0.86,34430.79,29581.75
1504,002797,第一创业,0.55,102127.27,56178.13
1505,002014,永新股份,1.14,17853.9,20271.06
1506,002039,黔源电力,0.36,35947.5,12961.37
1507,300605,恒锋信息,1.11,3521.64,3903.77
1508,000785,武汉中商,-0.04,-4798.53,204.11
1509,002347,泰尔股份,0.86,1160.54,1003.85
1510,000416,民生控股,0.78,2133.71,1664.3
1511,300593,新雷能,1.31,3376.7,4409.67
1512,300150,世纪瑞尔,0.8,11378.26,9078.4
1513,601808,中海油服,-10.67,107390.71,-1145618.63
1514,600011,华能国际,0.64,1378605.01,881429.09
1515,600845,宝信软件,1.07,31238.22,33565.9
1516,000534,万泽股份,1.64,4642.8,7619.02
1517,300310,宜通世纪,2.73,6258.58,17073.83
1518,000059,华锦股份,5.49,32868.55,180324.35
1519,300606,金太阳,1.24,3246.02,4020.83
1520,300305,裕兴股份,0.88,8204.37,7224.31
1521,300120,经纬电材,2.34,669.24,1567.92
1522,300625,三雄极光,1.36,18143.84,24655.31
1523,002438,江苏神通,3.11,1657.63,5158.89
1524,300211,亿通科技,0.32,1173.31,379.63
1525,600743,华远地产,1.01,73049.71,74132.36
1526,600889,南京化纤,0.2,45750.64,9083.16
1527,603903,中持股份,1.03,4532.71,4675.13
1528,603955,大千生态,1.16,6028.66,6966.36
1529,002718,友邦吊顶,1.05,12078.55,12648.14
1530,603959,百利科技,1.42,7487.45,10643.12
1531,002080,中材科技,1.34,30030.26,40140.33
1532,603131,上海沪工,1.43,4848.14,6925.9
1533,300393,中来股份,1.53,10768.99,16516.45
1534,000615,京汉股份,0.46,23768.39,10924.51
1535,600523,贵航股份,1.05,16556.4,17323.95
1536,300623,捷捷微电,1.44,8071.58,11642.64
1537,300412,迦南科技,1.11,5145.43,5704.04
1538,600370,三房巷,2.51,1855.81,4653.65
1539,600875,东方电气,-4.06,43907.26,-178430.68
1540,000524,岭南控股,0.78,3923.17,3061.49
1541,300222,科大智能,2.02,13668.87,27673.49
1542,000058,深 赛 格,1.45,7424.21,10756.02
1543,000973,佛塑科技,1.52,8270.18,12565.51
1544,603299,井神股份,0.37,6182.42,2295.45
1545,300578,会畅通讯,0.94,3338.35,3148.32
1546,300621,维业股份,1.51,3645.99,5513.0
1547,300214,日科化学,0.75,10721.84,7998.41
1548,000948,南天信息,1.11,1856.2,2068.94
1549,300356,光一科技,1.61,3955.79,6378.67
1550,603060,国检集团,1.1,10487.92,11577.34
1551,000695,滨海能源,1.13,342.71,388.33
1552,000921,海信科龙,1.87,58033.51,108773.21
1553,002353,杰瑞股份,0.83,14477.48,12067.41
1554,002137,麦达数字,8.25,1817.25,14998.77
1555,601600,中国铝业,1.95,20631.9,40249.4
1556,000628,高新发展,0.63,4666.87,2936.67
1557,002141,贤丰控股,1.23,688.46,843.42
1558,300328,宜安科技,0.57,5376.96,3068.77
1559,600287,江苏舜天,0.62,7621.42,4699.62
1560,002851,麦格米特,1.94,5657.94,10967.69
1561,000655,金岭矿业,-53.84,1044.79,-56256.37
1562,600162,香江控股,1.77,38971.75,69029.22
1563,300340,科恒股份,-0.45,-7432.62,3358.59
1564,600908,无锡银行,1.07,83333.64,89276.8
1565,000731,四川美丰,-4.52,5544.3,-25037.38
1566,600248,延长化建,1.01,12113.56,12281.65
1567,300073,当升科技,7.48,1328.16,9928.78
1568,600740,山西焦化,-0.05,-83020.68,4421.64
1569,600898,三联商社,0.69,2340.88,1619.33
1570,600203,福日电子,0.54,11727.38,6376.22
1571,600583,海油工程,0.39,340994.56,131530.71
1572,300055,万邦达,0.9,29001.69,26224.83
1573,300493,润欣科技,1.2,4120.19,4931.38
1574,600829,人民同泰,1.62,13891.62,22450.99
1575,600311,荣华实业,-15.1,430.09,-6495.56
1576,300474,景嘉微,1.18,8895.48,10528.65
1577,002825,纳尔股份,1.09,5944.15,6491.74
1578,002401,中海科技,1.08,5484.24,5918.95
1579,600380,健康元,1.09,41246.97,45141.52
1580,300620,光库科技,1.62,3051.3,4956.39
1581,601212,白银有色,2.27,11069.3,25152.44
1582,000687,华讯方舟,-0.59,-27317.65,16108.68
1583,600701,工大高新,-4.17,-1836.27,7658.02
1584,000402,金 融 街,1.24,225318.55,280437.04
1585,600766,园城黄金,0.21,1471.31,314.59
1586,000619,海螺型材,0.8,9455.33,7597.19
1587,000509,华塑控股,-4.38,1631.22,-7136.68
1588,002062,宏润建设,1.1,21112.4,23299.46
1589,000972,*ST中基,5.26,-4830.86,-25411.15
1590,002562,兄弟科技,2.04,8224.45,16766.84
1591,002543,万和电气,1.35,31909.87,43116.77
1592,603768,常青股份,1.92,7717.32,14836.57
1593,300241,瑞丰光电,1.51,3319.87,5000.39
1594,300540,深冷股份,0.64,6072.98,3858.87
1595,000980,金马股份,1.44,6032.94,8678.44
1596,002796,世嘉科技,0.9,5389.19,4861.83
1597,002314,南山控股,2.37,22192.81,52699.71
1598,300290,荣科科技,0.64,5063.55,3239.75
1599,002695,煌上煌,1.45,6088.06,8820.01
1600,002631,德尔未来,1.39,13721.99,19104.33
1601,002126,银轮股份,1.28,20039.7,25672.92
1602,002674,兴业科技,4.75,1329.99,6311.92
1603,002515,金字火腿,0.91,2191.33,1989.63
1604,300346,南大光电,0.17,4447.0,754.87
1605,000839,中信国安,0.65,35146.95,23020.17
1606,600593,大连圣亚,0.78,4298.72,3354.86
1607,603178,圣龙股份,1.18,6869.53,8092.85
1608,603388,元成股份,1.09,4885.75,5303.76
1609,600720,祁连山,0.93,17922.39,16657.91
1610,002855,捷荣技术,0.88,8237.35,7218.58
1611,603558,健盛集团,1.02,10135.63,10362.3
1612,603819,神力股份,1.0,4579.87,4564.7
1613,300410,正业科技,1.85,3934.04,7283.65
1614,000546,金圆股份,1.16,26438.53,30550.97
1615,300068,南都电源,1.62,20330.29,32934.34
1616,300023,宝德股份,1.17,5360.47,6285.02
1617,600114,东睦股份,1.1,16038.61,17586.31
1618,000878,云南铜业,7.84,2595.43,20342.72
1619,002281,光迅科技,1.17,24326.16,28502.13
1620,603717,天域生态,1.12,9821.27,10991.23
1621,002709,天赐材料,3.98,9955.6,39632.79
1622,300046,台基股份,1.34,2873.6,3854.35
1623,002155,湖南黄金,5.01,2865.04,14350.25
1624,600803,新奥股份,0.64,80565.01,51869.36
1625,600848,上海临港,1.69,23935.56,40336.5
1626,603133,碳元科技,1.51,5449.56,8233.89
1627,300613,富瀚微,2.99,3735.91,11184.07
1628,600246,万通地产,-0.18,-61222.03,11030.67
1629,002836,新宏泽,1.38,3654.07,5031.07
1630,603636,南威软件,0.82,6314.03,5147.47
1631,002213,特 尔 佳,0.73,1092.25,798.28
1632,300516,久之洋,1.18,11981.02,14093.2
1633,300495,美尚生态,1.89,11040.28,20898.89
1634,002246,北化股份,1.53,5486.49,8397.24
1635,002645,华宏科技,-7.21,-874.5,6302.61
1636,300636,同和药业,0.92,6287.91,5799.63
1637,002800,天顺股份,1.08,3272.91,3543.48
1638,000828,东莞控股,1.02,81651.42,82901.82
1639,603586,金麒麟,1.28,16141.78,20718.01
1640,603660,苏州科达,1.45,12027.84,17467.28
1641,600337,美克家居,1.1,30061.52,33080.05
1642,002460,赣锋锂业,3.71,12515.4,46436.51
1643,002681,奋达科技,1.31,29335.67,38525.57
1644,600159,大龙地产,1.69,5963.35,10104.0
1645,603101,汇嘉时代,0.93,10394.81,9661.01
1646,600321,国栋建设,-0.07,-5710.99,415.61
1647,300048,合康新能,3.45,5192.43,17895.08
1648,300568,星源材质,1.31,11834.18,15542.43
1649,600008,首创股份,1.14,53625.34,61088.89
1650,300622,博士眼镜,1.07,3529.26,3778.47
1651,300577,开润股份,1.27,6624.33,8400.45
1652,300388,国祯环保,1.73,7496.79,12981.83
1653,000881,中广核技,-0.38,-81859.15,31191.36
1654,300008,天海防务,2.6,5553.55,14434.81
1655,002856,美芝股份,1.12,4665.44,5211.78
1656,002387,黑牛食品,-0.04,-64157.96,2618.54
1657,002593,日上集团,1.96,3503.64,6884.33
1658,002687,乔治白,1.03,6125.03,6293.74
1659,300018,中元股份,1.42,7515.31,10678.02
1660,603126,中材节能,1.22,10709.04,13025.62
1661,002771,真视通,1.15,6003.98,6903.58
1662,300501,海顺新材,1.1,5876.74,6460.35
1663,300562,乐心医疗,1.6,5018.88,8052.07
1664,000897,津滨发展,-0.25,-18707.89,4705.62
1665,600260,凯乐科技,1.48,12336.98,18222.96
1666,300517,海波重科,0.96,4528.9,4334.62
1667,300376,易事特,1.69,27908.3,47164.5
1668,600345,长江通信,0.87,7335.63,6353.15
1669,002829,星网宇达,1.1,6672.11,7332.61
1670,300231,银信科技,1.39,8330.94,11596.78
1671,002233,塔牌集团,1.19,38098.67,45423.02
1672,300213,佳讯飞鸿,1.24,8292.88,10320.67
1673,000997,新 大 陆,1.37,33592.49,46134.73
1674,300021,大禹节水,0.99,6138.79,6048.72
1675,002658,雪迪龙,0.74,26292.75,19390.36
1676,603569,长久物流,1.18,30606.34,36242.44
1677,300618,寒锐钴业,2.35,2838.99,6657.5
1678,603066,音飞储存,1.21,6789.34,8183.25
1679,300631,久吾高科,0.86,5029.31,4306.47
1680,300175,朗源股份,0.8,3556.54,2832.37
1681,000920,南方汇通,1.17,8410.62,9865.72
1682,002749,国光股份,1.04,13381.39,13924.66
1683,002774,快意电梯,1.49,6584.76,9827.9
1684,002510,天汽模,0.91,16417.08,15004.1
1685,000670,盈方微,1.15,2100.9,2417.17
1686,600476,湘邮科技,-0.06,-3952.98,231.16
1687,002459,天业通联,-0.06,-32189.19,2011.21
1688,002238,天威视讯,1.11,27223.16,30263.41
1689,603041,美思德,1.01,6734.04,6825.8
1690,002629,仁智股份,-0.25,-9821.88,2452.35
1691,300401,花园生物,3.63,1207.47,4377.28
1692,600717,天津港,1.03,122538.74,126368.67
1693,600684,珠江实业,1.16,28679.07,33317.1
1694,600787,中储股份,1.15,66625.67,76744.5
1695,300070,碧水源,1.36,136169.8,184576.0
1696,002466,天齐锂业,6.1,24786.31,151205.09
1697,600777,新潮能源,-5.97,3040.68,-18145.43
1698,600066,宇通客车,1.14,353521.59,404374.56
1699,600520,*ST中发,-0.22,-5698.42,1235.1
1700,601886,江河集团,1.12,31252.81,35156.18
1701,603322,超讯通信,0.71,4264.08,3029.06
1702,300398,飞凯材料,0.64,10521.34,6778.68
1703,300164,通源石油,-0.47,-4643.81,2197.44
1704,300107,建新股份,0.98,2315.07,2275.28
1705,000959,首钢股份,-0.35,-113662.11,40096.4
1706,000937,冀中能源,0.69,35181.3,24397.57
1707,600368,五洲交通,-2.32,-9564.83,22215.78
1708,002108,沧州明珠,2.27,21463.28,48731.95
1709,000037,深南电A,-2.06,-63462.37,130669.48
1710,300371,汇中股份,0.79,6715.79,5292.06
1711,300081,恒信移动,1.49,1058.85,1582.32
1712,002535,林州重机,-0.05,-29665.41,1475.08
1713,300304,云意电气,1.56,7067.65,11005.26
1714,603538,美诺华,1.02,7702.02,7884.34
1715,300600,瑞特股份,0.95,10678.88,10170.74
1716,600853,龙建股份,1.47,1991.47,2930.72
1717,300210,森远股份,0.85,8971.27,7647.1
1718,000401,冀东水泥,-0.03,-171521.94,5288.55
1719,000816,智慧农业,-5.04,2741.16,-13808.06
1720,000852,石化机械,-141.97,583.72,-82872.2
1721,000600,建投能源,0.71,204441.93,145313.66
1722,601016,节能风电,0.93,20336.12,18859.68
1723,300491,通合科技,0.96,4273.7,4103.8
1724,300635,达安股份,1.08,5093.88,5502.03
1725,300627,华测导航,1.93,5288.22,10209.79
1726,002524,光正集团,0.75,649.73,484.19
1727,002457,青龙管业,0.44,4855.18,2120.73
1728,300062,中能电气,3.85,2035.62,7843.58
1729,601258,庞大集团,1.62,23575.82,38169.46
1730,002205,国统股份,-0.25,-5292.41,1332.86
1731,600209,罗顿发展,-18.26,251.65,-4594.12
1732,000786,北新建材,1.31,89687.62,117106.86
1733,600449,宁夏建材,2.9,1989.56,5764.99
1734,600793,宜宾纸业,0.36,887.66,317.82
1735,601000,唐山港,1.1,119979.03,132025.4
1736,002819,东方中科,0.99,3104.87,3075.87
1737,600463,空港股份,1.24,2272.58,2814.87
1738,603928,兴业股份,0.95,10884.0,10319.31
1739,000021,深科技,1.19,18066.03,21442.35
1740,000605,渤海股份,0.94,4535.58,4254.59
1741,300446,乐凯新材,1.09,9871.9,10797.76
1742,002146,荣盛发展,1.71,242823.51,414809.31
1743,300416,苏试试验,1.11,4841.93,5397.38
1744,002553,南方轴承,1.11,6522.22,7228.0
1745,603385,惠达卫浴,2.6,8081.62,21014.67
1746,601366,利群股份,1.07,33816.5,36186.53
1747,000567,海德股份,0.13,2324.29,297.77
1748,002682,龙洲股份,1.12,4478.2,5031.25
1749,300428,四通新材,1.13,6212.66,6991.64
1750,002801,微光股份,1.22,8222.46,9993.81
1751,600155,宝硕股份,-0.63,22571.68,-14212.1
1752,300521,爱司凯,1.09,4280.32,4667.48
1753,600135,乐凯胶片,1.12,3665.07,4114.3
1754,002158,汉钟精机,1.06,15671.29,16645.29
1755,603078,江化微,1.11,6193.18,6894.27
1756,300116,坚瑞沃能,12.0,3536.7,42455.15
1757,002330,得利斯,0.4,2260.82,903.17
1758,603969,银龙股份,1.13,12845.84,14485.13
1759,603389,亚振家居,0.98,7720.44,7552.37
1760,300475,聚隆科技,0.92,10534.85,9663.45
1761,300482,万孚生物,1.16,12535.15,14498.67
1762,002431,棕榈股份,-0.57,-21146.1,12082.61
1763,300629,新劲刚,1.22,2202.36,2681.55
1764,002494,华斯股份,0.83,1806.69,1506.52
1765,603859,能科股份,1.1,3870.28,4238.47
1766,600550,保变电气,1.2,9065.11,10912.81
1767,002857,三晖电气,1.04,3853.79,4007.81
1768,300449,汉邦高科,0.7,4545.17,3190.93
1769,600405,动力源,0.54,4990.54,2716.31
1770,600732,*ST新梅,-0.17,-11240.92,1954.76
1771,600710,*ST常林,-0.39,-52703.05,20665.56
