,code,name,times_3,times_4,net30,net40,net31,net41
0,603225,新凤鸣,2.28,2.51,14613.57,29139.11,33380.02,73156.43
1,000971,高升控股,-3.79,27.07,-1478.54,410.16,5607.22,11104.25
2,002475,立讯精密,1.58,1.84,43053.83,63004.61,68068.39,115653.35
3,002321,华英农业,79.13,7.27,116.33,1257.91,9205.6,9147.05
4,000049,德赛电池,0.93,1.09,14413.57,23454.29,13336.27,25530.13
5,000823,超声电子,0.92,1.17,12221.83,15997.39,11225.86,18722.18
6,600116,三峡水利,1.69,1.63,11653.61,14203.88,19728.04,23130.72
7,000521,美菱电器,0.69,0.75,23921.78,29450.85,16528.87,22021.67
8,300131,英唐智控,8.24,9.36,1776.59,2152.48,14641.69,20143.02
9,600873,梅花生物,2.45,2.08,27125.78,50026.57,66452.69,104168.99
10,002349,精华制药,3.78,4.18,2976.06,3946.78,11259.46,16502.97
11,600099,林海股份,0.81,0.66,225.39,292.91,182.9,193.4
12,300115,长盈精密,2.47,2.36,19763.0,29017.55,48812.8,68373.99
13,000423,东阿阿胶,1.33,1.36,92312.97,136554.78,122593.21,185247.35
14,002415,海康威视,1.79,1.59,270972.05,466536.87,484995.75,742226.2
15,002648,卫星石化,0.44,9.57,22653.48,3255.51,9938.69,31156.46
16,300324,旋极信息,217.75,5.44,92.19,6937.35,20074.61,37729.9
17,300450,先导智能,7.94,4.44,1926.8,6551.45,15302.23,29065.21
18,002296,辉煌科技,1.84,0.86,3095.69,9900.78,5687.45,8507.01
19,300145,中金环境,2.16,2.59,13637.42,19674.0,29451.09,50998.61
20,600516,方大炭素,0.23,0.24,33921.47,27916.55,7875.2,6744.89
21,002424,贵州百灵,1.8,1.55,17479.29,31047.79,31431.34,48232.71
22,600566,济川药业,1.79,1.8,37871.33,51939.26,67617.37,93418.29
23,603369,今世缘,1.14,1.17,56471.99,64562.33,64647.48,75416.2
24,000822,山东海化,0.84,-0.74,7934.65,16526.35,6662.22,-12308.68
25,600436,片仔癀,1.61,1.22,29877.22,43882.88,48105.67,53613.19
26,600570,恒生电子,1.53,0.05,13381.6,36052.05,20535.46,1829.14
27,000586,汇源通信,1.02,0.44,264.28,686.46,268.78,301.95
28,600479,千金药业,1.03,1.42,6374.12,10509.29,6586.0,14942.87
29,002386,天原集团,0.62,0.91,-7898.51,6061.03,-4866.74,5513.83
30,300433,蓝思科技,1.01,1.02,78758.3,117685.73,79458.58,120359.48
31,600771,广誉远,24.09,3.35,187.12,3664.64,4507.05,12281.01
32,002595,豪迈科技,1.48,1.43,38172.45,50223.62,56574.99,71766.57
33,600835,上海机电,1.54,1.69,74158.21,85788.21,114285.79,144909.1
34,000756,新华制药,1.85,2.41,4810.25,5072.53,8918.02,12227.15
35,000089,深圳机场,2.13,2.1,19185.81,26799.6,40934.94,56243.09
36,002706,良信电器,1.58,1.62,8309.99,10027.48,13146.16,16219.62
37,300425,环能科技,1.21,1.29,3606.76,5397.92,4358.9,6953.38
38,002683,宏大爆破,0.27,0.38,11219.64,16570.35,2974.2,6263.27
39,600976,健民集团,0.55,0.56,10240.95,11597.04,5623.96,6465.56
40,600663,陆家嘴,1.37,1.65,98670.33,160150.04,135221.77,264873.6
41,000661,长春高新,2.24,1.52,16919.48,31817.13,37953.94,48485.25
42,300223,北京君正,-6.3,-0.7,-129.23,-1002.97,814.53,705.21
43,603696,安记食品,0.72,0.72,4097.98,5656.89,2970.99,4079.57
44,600867,通化东宝,2.28,2.29,21932.87,27978.09,50046.95,64092.34
45,002450,康得新,2.01,1.96,70405.93,100278.12,141450.27,196290.8
46,300365,恒华科技,2.3,2.07,1927.31,6061.7,4436.67,12542.89
47,600176,中国巨石,3.96,3.21,28813.57,47453.7,114181.91,152103.51
48,600828,茂业商业,2.59,2.93,17653.47,19416.12,45806.04,56802.79
49,600729,重庆百货,0.81,0.85,48559.19,49166.37,39538.59,41871.09
50,300492,山鼎设计,-5.55,0.79,-131.45,2561.36,729.68,2015.51
51,600132,重庆啤酒,1.65,2.46,15971.04,7343.52,26356.65,18099.01
52,000895,双汇发展,1.04,1.09,316249.49,403986.38,327706.76,440505.64
53,000927,一汽夏利,1.19,-0.1,-69495.17,-165913.05,-82522.41,16232.7
54,000888,峨眉山Ａ,1.02,1.01,14129.8,18950.4,14470.45,19119.95
55,600660,福耀玻璃,1.38,1.42,157645.44,221974.89,217540.29,314422.73
56,603898,好莱客,1.73,1.77,8902.68,14264.74,15372.45,25226.54
57,600742,一汽富维,0.86,0.77,39842.48,55274.11,34128.57,42726.88
58,603766,隆鑫通用,1.4,1.42,46536.35,61035.87,65308.22,86559.38
59,002517,恺英网络,-14.86,-12.92,-2906.78,-5278.25,43184.35,68174.26
60,002001,新 和 成,1.19,1.49,71274.9,80804.04,84535.75,120263.35
61,002083,孚日股份,1.54,5.17,15656.6,7312.09,24168.74,37816.2
62,000738,航发控制,1.02,1.13,15534.09,18497.5,15888.43,20884.44
63,002032,苏 泊 尔,1.46,1.56,50826.18,68989.23,74214.01,107751.92
64,600970,中材国际,0.98,3.45,49375.49,14833.62,48353.05,51138.34
65,600557,康缘药业,1.17,1.17,24998.47,31961.42,29299.2,37374.1
66,600603,广汇物流,12.43,-10.46,-269.12,-2360.08,-3345.87,24687.11
67,600188,兖州煤业,0.52,0.9,195460.7,228416.7,101801.2,206458.5
68,300030,阳普医疗,0.53,0.57,4068.84,5305.72,2151.49,3047.74
69,603600,DR永艺股,1.96,2.21,4350.88,5434.55,8523.79,12022.41
70,300259,新天科技,1.0,1.01,6914.28,10409.36,6885.79,10530.02
71,300226,上海钢联,2.53,1.18,633.7,1877.57,1601.71,2210.49
72,002686,亿利达,1.42,1.45,6604.71,8243.29,9361.28,11985.02
73,002521,齐峰新材,0.48,0.52,19859.27,27287.43,9448.21,14193.28
74,600017,日照港,0.41,0.31,56996.75,57251.39,23096.97,17624.32
75,000759,中百集团,-1.79,0.03,9770.04,18624.65,-17482.14,646.6
76,000726,鲁 泰Ａ,0.82,0.84,71013.99,95872.54,58116.11,80544.63
77,002199,东晶电子,1.38,-0.11,-6419.23,-15265.97,-8884.2,1619.67
78,000999,华润三九,1.1,1.16,78893.07,103588.9,86929.8,119784.06
79,000931,中 关 村,-0.19,1.99,-2959.48,1375.09,564.37,2735.81
80,600062,华润双鹤,1.4,1.32,42962.15,54190.79,60151.55,71421.09
81,600422,昆药集团,1.63,1.39,20316.58,29223.73,33041.81,40725.61
82,300368,汇金股份,1.04,1.01,589.58,4531.0,615.82,4573.67
83,600022,山东钢铁,-0.02,0.43,-99101.92,-139841.43,2443.94,-59989.16
84,600211,西藏药业,3.82,9.45,3085.38,2097.99,11801.02,19828.95
85,000799,酒鬼酒,-0.86,-1.11,-7603.36,-9747.53,6551.65,10858.44
86,600276,恒瑞医药,1.73,1.71,111685.1,151556.89,192859.17,258895.21
87,002359,齐星铁塔,2.67,0.59,-1909.48,-8224.78,-5105.75,-4841.51
88,002176,江特电机,3.96,5.09,4367.66,3873.99,17285.22,19729.7
89,000031,中粮地产,0.49,1.2,15708.92,59852.64,7672.45,72015.39
90,300323,华灿光电,1.89,2.94,7482.46,9090.62,14105.32,26719.04
91,000811,烟台冰轮,2.45,1.45,9983.44,20786.78,24458.83,30088.55
92,000676,智度股份,-6.72,-4.61,-2236.14,-6858.98,15018.05,31611.38
93,601179,中国西电,1.17,1.65,64485.51,68412.91,75472.53,112789.08
94,601311,骆驼股份,0.69,0.77,46750.95,67124.07,32413.32,51533.93
95,002536,西泵股份,2.28,2.67,3451.58,4042.29,7857.0,10785.72
96,002085,万丰奥威,2.34,2.2,30267.86,43515.52,70878.76,95796.14
97,002584,西陇科学,1.41,1.25,5866.54,7752.82,8246.87,9678.96
98,600216,浙江医药,1.36,2.65,29710.84,16973.94,40506.2,45010.2
99,000622,*ST恒立,1.16,-1.31,-1636.63,-3655.29,-1896.25,4799.91
100,603568,伟明环保,1.32,1.48,19446.62,22261.21,25684.31,32855.79
101,600271,航天信息,1.05,1.34,90281.85,114763.94,94406.51,153593.98
102,300169,天晟新材,0.72,0.72,1716.71,2531.42,1243.49,1819.18
103,600426,华鲁恒升,1.04,1.09,62154.63,80442.8,64467.38,87549.05
104,603818,曲美家居,1.87,1.84,7122.77,10046.18,13323.94,18500.58
105,000503,海虹控股,-35.13,1.12,242.35,2497.73,-8514.5,2802.12
106,002262,恩华药业,1.39,1.39,18234.76,22327.11,25416.85,30974.3
107,002563,森马服饰,1.49,1.31,67132.33,109226.01,100196.77,142650.99
108,603009,北特科技,1.2,1.26,3179.63,4409.16,3815.99,5576.62
109,002034,美 欣 达,4.92,-1.22,319.73,-1649.77,1572.71,2019.79
110,600525,长园集团,1.79,1.75,25372.22,36582.43,45315.39,64005.76
111,000792,盐湖股份,0.4,0.26,65282.77,130225.94,26024.84,34126.47
112,002750,龙津药业,1.7,1.43,4326.04,6357.3,7350.66,9103.44
113,300221,银禧科技,7.59,6.44,1952.79,2375.87,14826.25,15299.3
114,002662,京威股份,0.97,1.48,27100.16,43040.79,26364.37,63545.18
115,000703,恒逸石化,41.1,-2.35,1223.4,-35268.24,50280.01,83033.74
116,000035,中国天楹,1.36,1.21,9930.99,17501.59,13514.65,21172.45
117,002734,利民股份,1.9,2.34,3655.17,4836.68,6947.22,11299.23
118,601901,方正证券,1.8,1.43,148223.86,179609.78,266524.71,256933.69
119,600189,吉林森工,10.56,1.1,367.05,1060.68,3877.39,1171.52
120,002592,八菱科技,1.33,1.36,6830.63,9460.31,9073.94,12841.34
121,300285,国瓷材料,2.13,2.06,4350.59,6330.29,9285.89,13039.66
122,000603,盛达矿业,0.93,0.86,15626.36,23623.88,14489.64,20209.71
123,600753,东方银星,2.48,7.35,-180.17,35.71,-446.79,262.29
124,002476,宝莫股份,0.49,0.31,3896.71,4790.98,1897.98,1482.97
125,600338,西藏珠峰,-11.68,76.06,-3844.83,854.9,44913.85,65025.7
126,002491,通鼎互联,3.06,3.02,12831.52,17872.07,39259.44,53896.34
127,300256,星星科技,63.26,5.43,142.93,2689.72,9041.65,14605.19
128,600377,宁沪高速,1.18,1.3,206821.67,257475.43,243965.63,334606.39
129,000591,太阳能,-302.91,168.32,-134.64,388.09,40784.11,65324.93
130,000928,中钢国际,5.12,2.81,7212.41,18247.55,36899.52,51241.29
131,002230,科大讯飞,1.41,1.28,19808.39,37942.99,27847.52,48443.04
132,600816,安信信托,2.81,2.96,82089.76,102352.79,231068.2,303394.74
133,002555,三七互娱,230.57,28.0,326.23,3821.34,75217.84,107016.23
134,002694,顾地科技,0.23,1.41,6516.48,2813.52,1475.92,3978.18
135,600141,兴发集团,0.16,0.21,47828.35,49431.1,7857.04,10201.76
136,002116,中国海诚,0.53,0.67,15050.24,19918.45,8049.6,13427.28
137,603889,XD新澳股,1.62,1.4,8756.33,11362.34,14163.88,15917.35
138,300339,润和软件,1.66,2.76,5722.45,11002.91,9520.63,30357.91
139,300411,金盾股份,1.05,1.06,3250.59,4031.2,3419.53,4265.5
140,002206,海 利 得,1.69,1.78,13716.86,14361.66,23184.6,25510.96
141,600300,维维股份,1.14,0.35,8456.39,20064.26,9641.45,7012.53
142,002768,国恩股份,1.9,2.08,4229.77,6280.72,8021.45,13091.43
143,002178,延华智能,0.98,0.77,4046.38,5790.91,3960.45,4446.38
144,000550,江铃汽车,0.71,0.63,153094.06,210785.21,109355.34,131801.61
145,002572,索菲亚,2.06,2.03,19808.11,32689.65,40817.82,66401.69
146,300295,三六五网,0.77,0.72,11735.01,15050.37,9001.94,10835.48
147,300434,金石东方,0.57,0.8,2736.27,3210.6,1559.0,2552.65
148,002102,冠福股份,104.82,43.12,116.37,569.12,12197.71,24540.11
149,600166,福田汽车,0.77,1.19,30124.46,47710.17,23209.76,56682.83
150,300059,东方财富,9.18,4.31,6264.58,16572.38,57503.2,71376.88
151,600782,新钢股份,2.04,1.24,13559.5,40642.94,27595.22,50292.27
152,300039,上海凯宝,0.95,0.81,27447.61,34935.17,25994.46,28260.68
153,000766,通化金马,21.87,41.32,613.62,516.56,13418.13,21346.15
154,002731,萃华珠宝,0.27,0.59,9416.2,9837.21,2521.81,5822.31
155,002393,力生制药,0.73,1.24,10790.86,9288.36,7902.52,11560.63
156,002383,合众思壮,-0.26,2.41,-4359.34,4005.81,1137.75,9644.97
157,300247,乐金健康,2.88,4.41,1144.86,1943.19,3298.79,8563.45
158,000753,漳州发展,0.55,2.9,2944.29,7045.35,1619.36,20397.09
159,002458,益生股份,-19.01,23.91,-2655.73,2351.0,50482.24,56215.99
160,600206,有研新材,-0.44,0.8,-6682.69,6023.17,2911.4,4789.38
161,600539,狮头股份,3.0,0.25,-1278.53,-4163.29,-3835.28,-1047.95
162,300476,胜宏科技,1.99,2.25,8034.92,10315.78,15993.32,23207.12
163,000988,华工科技,1.14,1.37,14762.41,16835.13,16764.58,22980.98
164,002182,云海金属,4.37,6.13,2679.55,2763.78,11717.92,16930.22
165,601633,长城汽车,1.29,1.31,558624.79,804153.55,720858.29,1055115.89
166,002252,上海莱士,3.87,3.16,31912.57,51085.49,123345.91,161315.36
167,600761,安徽合力,0.63,0.7,48387.56,56901.85,30323.4,39568.4
168,600348,阳泉煤业,0.3,0.54,42238.42,79165.93,12697.46,42904.83
169,002215,诺 普 信,-1.2,-1.42,17810.11,19447.99,-21325.91,-27624.67
170,300391,康跃科技,0.22,0.15,2034.63,2871.87,443.33,422.11
171,002732,燕塘乳业,1.39,1.34,6471.93,7905.95,8967.24,10608.74
172,002365,永安药业,1.67,1.96,3033.66,3172.23,5054.09,6229.7
173,603199,九华旅游,1.25,1.12,5278.1,6598.68,6590.2,7404.43
174,002758,华通医药,1.04,0.87,2858.81,4590.48,2987.02,4015.52
175,002544,杰赛科技,0.61,1.16,4271.57,9146.92,2592.25,10644.69
176,601766,中国中车,1.89,2.13,397371.26,531496.75,752004.1,1129559.6
177,000761,本钢板材,2.85,3.36,20181.18,23280.48,57461.56,78127.48
178,002187,广百股份,0.71,0.66,16448.62,23823.7,11666.31,15765.42
179,300233,金城医药,1.29,1.47,7619.86,10870.07,9859.79,15939.02
180,000733,振华科技,1.61,1.41,10129.18,12890.24,16319.09,18150.27
181,300147,香雪制药,0.51,0.34,15175.95,19679.61,7678.32,6602.41
182,002004,华邦健康,1.66,1.32,36884.54,42918.36,61168.99,56686.83
183,601689,拓普集团,1.34,1.54,31576.12,39898.94,42369.62,61568.96
184,002376,新北洋,0.49,0.74,28075.29,30643.56,13853.49,22712.66
185,600837,海通证券,1.29,1.04,494905.7,771062.36,636440.67,804333.45
186,600857,宁波中百,0.93,1.03,3543.02,4137.93,3286.9,4249.91
187,600292,远达环保,0.52,0.65,21881.57,23236.33,11328.07,15157.72
188,600644,乐山电力,5.27,-0.19,4678.52,-113931.49,24634.65,21147.2
189,600018,上港集团,0.85,1.03,467938.59,676654.82,395800.52,693907.72
190,601288,农业银行,1.01,1.02,15243900.0,17946100.0,15417000.0,18394100.0
191,600391,成发科技,1.5,1.44,2649.39,2957.43,3970.06,4255.0
192,600756,浪潮软件,1.91,1.48,2156.77,7827.6,4111.02,11547.89
193,300130,新国都,1.79,1.75,4391.8,7958.14,7874.56,13902.17
194,002315,焦点科技,0.48,0.93,9380.01,11933.41,4483.52,11104.59
195,002649,博彦科技,1.12,0.69,10424.94,17044.88,11710.08,11717.98
196,600415,小商品城,2.59,2.59,32098.31,40895.91,83080.03,106027.46
197,601958,金钼股份,-0.2,0.28,17460.06,19222.19,-3495.13,5389.81
198,002474,榕基软件,0.46,1.12,4443.77,2225.06,2036.63,2484.53
199,002487,大金重工,1.89,1.51,3420.61,4726.23,6449.62,7138.45
200,000404,华意压缩,1.13,1.35,16097.42,18718.47,18115.14,25229.08
201,600298,安琪酵母,3.1,3.64,12349.61,14719.12,38277.91,53509.2
202,000717,韶钢松山,0.13,-0.07,-86332.09,-138827.18,-11271.33,10142.73
203,002125,湘潭电化,-0.34,-0.37,-3980.15,-6052.58,1365.17,2224.07
204,300238,冠昊生物,1.08,1.3,2841.73,5010.31,3074.79,6537.11
205,603518,维格娜丝,0.76,0.73,8870.45,13827.79,6747.7,10032.79
206,600595,中孚实业,1.06,1.36,16364.18,4266.61,17353.14,5799.92
207,600780,通宝能源,0.26,0.18,42432.36,56478.39,11089.66,10198.49
208,002063,远光软件,0.67,0.69,14236.4,19057.03,9524.38,13137.43
209,000926,福星股份,1.15,0.82,57982.1,70486.96,66846.91,58105.62
210,603021,山东华鹏,0.96,0.89,5052.87,5787.33,4875.42,5136.1
211,000610,西安旅游,-0.14,-0.51,-1194.18,-2086.18,167.8,1071.33
212,300054,鼎龙股份,1.84,1.79,9463.96,13438.56,17366.84,24010.18
213,600029,南方航空,5.13,2.85,125600.0,177300.0,644100.0,505500.0
214,600836,界龙实业,0.22,-0.75,463.58,1470.86,103.21,-1098.34
215,603997,继峰股份,1.2,1.24,14751.26,20164.93,17707.15,24971.19
216,600212,江泉实业,-6.36,-2.64,-868.76,-1689.62,5523.89,4455.11
217,603598,引力传媒,0.67,0.66,4278.53,5021.81,2845.66,3303.19
218,002390,信邦制药,2.32,1.7,8631.5,14477.04,20000.18,24601.28
219,600650,锦江投资,1.06,1.11,16842.8,21421.19,17800.12,23700.51
220,000719,大地传媒,1.08,1.05,42422.86,64172.3,45763.36,67307.33
221,300167,迪威视讯,-14.99,-3.14,192.91,-935.8,-2890.97,2938.57
222,603968,醋化股份,1.17,1.48,8710.33,9967.08,10228.18,14773.09
223,600160,巨化股份,0.61,0.93,11639.26,16251.6,7066.75,15123.0
224,600182,S佳通,0.76,0.72,15726.8,20913.36,11952.66,15115.83
225,002198,嘉应制药,0.4,0.75,5057.81,7365.39,2041.72,5517.2
226,300362,天翔环境,4.0,3.8,1476.95,3327.13,5901.96,12659.41
227,300161,华中数控,-27.39,1.24,128.62,1071.46,-3523.5,1331.83
228,300400,劲拓股份,1.27,1.62,2371.16,3208.95,3002.91,5210.82
229,603601,再升科技,1.54,2.21,3156.93,3657.0,4853.07,8082.4
230,603111,康尼机电,1.61,1.7,10761.78,14096.39,17320.48,23994.08
231,603011,合锻智能,1.95,1.79,2001.99,2862.19,3906.79,5129.45
232,603010,万盛股份,3.19,3.56,3401.28,4205.6,10860.19,14951.75
233,601113,华鼎股份,15.32,-0.98,187.21,-7399.23,2868.64,7273.31
234,601069,西部黄金,2.25,1.61,4801.01,7841.72,10781.64,12654.97
235,600794,保税科技,0.3,0.21,12263.08,12000.42,3631.48,2466.3
236,600681,百川能源,975.57,262.85,29.19,209.69,28476.88,55117.41
237,600673,东阳光科,0.63,0.7,11205.38,15627.62,7065.75,10948.39
238,600639,浦东金桥,1.48,1.44,31909.68,42973.38,47254.35,61674.82
239,600598,北大荒,0.66,0.92,120758.32,79980.75,79653.15,73510.7
240,600590,泰豪科技,-2.54,2.11,-2649.11,5859.59,6733.2,12382.92
241,600551,时代出版,1.07,1.03,28426.65,38990.45,30360.77,40259.03
242,600506,香梨股份,0.65,0.57,-713.5,-1507.93,-464.03,-862.59
243,600469,风神股份,0.59,0.25,30633.76,33179.77,18124.02,8455.14
244,600409,三友化工,1.53,1.6,37178.47,47715.1,57023.93,76286.0
245,600387,海越股份,-0.01,0.36,4925.2,11123.23,-47.25,4002.59
246,600323,瀚蓝环境,2.01,1.65,21491.76,30871.2,43258.91,50856.75
247,600228,*ST昌九,0.72,-1.06,-3291.08,3498.84,-2374.0,-3709.08
248,600173,卧龙地产,0.86,0.31,7036.44,25999.83,6060.75,8074.36
249,600151,航天机电,2.58,8.95,3620.6,2239.32,9347.02,20045.26
250,600136,当代明诚,995.25,128.06,5.53,95.41,5503.75,12218.42
251,600111,北方稀土,0.09,0.14,39685.96,64302.74,3433.76,9083.56
252,600050,中国联通,0.14,0.04,349998.26,398173.85,48876.3,15407.41
253,300490,华自科技,0.95,1.09,2923.35,4408.5,2768.97,4821.4
254,300472,新元科技,0.31,0.47,1576.83,3453.55,490.67,1619.69
255,300268,万福生科,0.3,1.15,-2718.63,510.76,-814.8,587.97
256,300209,天泽信息,12.07,9.44,438.68,1031.32,5293.34,9737.66
257,300163,先锋新材,2.23,2.19,2059.21,3096.26,4597.89,6792.31
258,300149,量子高科,1.61,1.6,3346.81,4069.7,5392.45,6498.1
259,300134,大富科技,0.1,0.23,48208.32,53550.26,4782.27,12466.69
260,300092,科新机电,6.73,2.96,199.67,1079.02,1343.45,3188.97
261,300088,长信科技,1.37,2.09,16795.11,16569.23,23022.63,34709.78
262,002787,华源控股,1.68,1.48,5441.16,7272.27,9139.11,10752.09
263,002740,爱迪尔,0.64,0.66,6174.52,8737.37,3955.49,5779.58
264,002691,冀凯股份,0.35,0.22,2594.13,3749.69,907.24,835.52
265,002655,共达电声,0.96,0.75,1489.96,2404.67,1433.63,1800.81
266,002642,荣之联,0.78,1.45,7237.98,16567.56,5669.81,24010.41
267,002625,龙生股份,1.29,1.68,2914.7,3913.76,3748.22,6594.25
268,002575,群兴玩具,0.92,0.86,2165.1,1486.59,1995.71,1276.43
269,002547,春兴精工,1.76,1.57,7654.9,10421.39,13449.22,16345.32
270,002282,博深工具,0.48,0.41,2891.41,3059.44,1386.67,1248.45
271,002191,劲嘉股份,1.02,0.99,43333.03,57829.93,44090.61,57072.14
272,002129,中环股份,3.49,3.04,10052.51,13210.72,35068.08,40200.63
273,002082,栋梁新材,0.74,0.65,7691.46,10753.08,5665.98,6973.56
274,002061,江山化工,-0.37,-0.42,-11214.48,-15833.14,4161.2,6627.97
275,002050,三花智控,1.67,1.76,40110.99,48772.15,67162.06,85745.53
276,000953,*ST河化,-2.29,-7.95,4422.32,1783.43,-10107.68,-14176.06
277,000935,四川双马,1.78,2.57,2606.16,3294.33,4637.9,8453.89
278,000898,鞍钢股份,1.06,1.74,92300.0,92800.0,97700.0,161600.0
279,000885,同力水泥,0.02,0.25,10583.7,16824.9,214.33,4269.42
280,000838,财信发展,2.02,1.49,4186.52,7455.06,8455.24,11130.79
281,000710,*ST天仪,0.95,-0.61,-712.91,687.82,-679.06,-418.59
282,000673,当代东方,44.64,-319.08,303.95,-55.62,13569.3,17747.05
283,000526,*ST紫学,-53.53,-50.18,66.47,196.65,-3557.81,-9868.32
284,000034,神州数码,6.1,6.57,5471.7,6147.12,33382.49,40379.52
285,000032,深桑达Ａ,-4.74,2.78,-1205.36,2184.12,5707.73,6071.29
286,000029,深深房Ａ,4.16,1.05,5700.48,29803.33,23687.51,31156.74
287,000008,神州高铁,22.19,67.18,977.42,776.78,21689.79,52186.62
288,603368,柳州医药,1.82,1.89,12631.22,16979.73,22979.03,32101.15
289,300403,地尔汉宇,1.65,1.46,9452.56,13121.11,15607.85,19156.6
290,603686,龙马环卫,1.47,1.63,10319.92,12965.44,15193.62,21132.12
291,002626,金达威,1.33,1.54,14715.97,19453.62,19551.86,29976.79
292,000062,深圳华强,0.63,0.89,42931.87,47755.53,26907.98,42586.09
293,601628,中国人寿,0.49,0.59,2755300.0,3221100.0,1352800.0,1912700.0
294,000776,广发证券,2.03,1.6,304062.15,502256.78,618505.65,803010.66
295,000739,普洛药业,0.64,0.82,27031.5,32216.44,17254.36,26289.71
296,600123,兰花科创,-13.44,-9.88,1757.35,6677.68,-23626.37,-66004.22
297,002153,石基信息,1.15,1.02,22978.2,38204.75,26461.08,38879.03
298,002568,百润股份,-2.23,-2.58,4687.3,5700.46,-10444.14,-14702.19
299,000987,越秀金控,2.22,2.36,17193.05,26268.71,38241.13,62049.58
300,600052,浙江广厦,1.0,1.69,44219.25,21202.05,44355.04,35747.56
301,300086,康芝药业,0.91,0.78,3617.72,5908.17,3284.47,4615.66
302,600101,明星电力,0.78,0.86,11419.4,9748.79,8960.21,8353.91
303,300269,联建光电,3.4,3.01,7620.75,13397.35,25872.6,40296.02
304,002086,东方海洋,1.54,1.84,3743.11,4159.85,5770.53,7661.71
305,002344,海宁皮城,0.62,0.59,79018.44,93637.78,48870.62,54998.82
306,002228,合兴包装,0.77,0.82,9064.57,12555.9,7000.17,10293.65
307,002727,一心堂,1.26,1.19,22537.88,29730.91,28389.12,35337.7
308,002377,国创高新,0.36,0.12,862.56,4469.54,309.75,521.64
309,600192,长城电工,0.29,0.29,7679.82,7771.1,2264.57,2231.5
310,002174,游族网络,1.42,1.42,25451.13,41459.34,36086.54,58787.99
311,000721,西安饮食,2.94,1.12,620.73,1106.06,1823.07,1235.12
312,300181,佐力药业,1.01,0.7,7330.98,10318.42,7420.61,7202.04
313,600086,东方金钰,2.58,2.54,8542.78,9869.71,22062.57,25081.52
314,000667,美好置业,11.09,8.83,2811.86,7531.78,31183.04,66485.62
315,002240,威华股份,-8.03,2.05,723.74,1141.0,-5812.21,2340.58
316,600826,兰生股份,16.38,1.59,5117.46,52794.84,83824.85,84043.53
317,600222,太龙药业,0.19,0.13,1121.76,3203.48,215.13,401.56
318,600109,国金证券,1.85,1.55,54878.39,83648.96,101372.66,129873.05
319,300205,天喻信息,0.7,0.34,4409.1,5862.1,3081.43,1984.98
320,603699,纽威股份,0.48,0.39,40034.48,56395.94,19355.05,21948.36
321,000797,中国武夷,0.19,1.93,6808.34,11355.43,1275.49,21966.42
322,002009,天奇股份,0.8,1.09,8195.36,9568.16,6566.64,10394.01
323,002149,西部材料,65.88,3.88,12.82,547.35,844.6,2122.11
324,600664,哈药股份,1.88,3.19,32560.83,24710.57,61110.83,78810.31
325,002596,海南瑞泽,1.01,3.95,1628.29,1776.51,1651.6,7021.65
326,600789,鲁抗医药,-0.27,-0.23,-7872.96,-12521.45,2159.79,2910.2
327,000150,宜华健康,1211.23,24.96,79.82,2982.26,96680.48,74438.61
328,600393,粤泰股份,5.5,2.36,1594.19,6154.39,8768.45,14514.23
329,600289,亿阳信通,5.15,1.33,384.65,9786.63,1981.94,12981.65
330,600862,中航高科,-0.52,-0.36,-14820.92,-20346.92,7703.25,7342.21
331,002579,中京电子,11.47,5.73,838.49,1935.85,9620.82,11098.64
332,600358,国旅联合,1.08,0.98,-4772.47,-16589.63,-5176.27,-16310.36
333,600064,南京高科,3.06,1.52,29621.9,60977.98,90710.66,92652.8
334,300034,钢研高纳,0.87,0.87,7754.47,11018.87,6776.5,9596.79
335,600355,精伦电子,-0.22,1.86,-1276.75,607.68,278.64,1129.44
336,002703,浙江世宝,1.38,1.46,3686.83,4337.47,5083.62,6348.75
337,002455,百川股份,1.66,1.46,3720.45,5482.28,6182.78,7979.44
338,600223,鲁商置业,0.63,0.45,12384.81,20642.07,7810.37,9237.21
339,600403,*ST大有,-10.17,-17.75,12652.51,11056.69,-128613.51,-196263.13
340,002700,新疆浩源,0.7,0.76,7826.19,10493.18,5515.38,8005.53
341,300338,开元仪器,0.21,0.12,3265.97,4893.79,689.83,589.16
342,002630,华西能源,1.4,1.38,12643.1,14912.23,17641.1,20507.13
343,002044,美年健康,2.44,6.84,3915.6,4951.31,9537.61,33891.04
344,000933,*ST神火,-2.35,-0.93,-35139.26,-36652.89,82574.39,34213.92
345,002668,奥马电器,1.59,1.47,17045.25,20314.8,27168.14,29804.49
346,600482,中国动力,5.4,7.43,12269.94,14435.19,66218.57,107324.9
347,000902,新洋丰,1.25,0.99,43027.3,57109.11,53688.45,56308.67
348,002520,日发精机,0.85,0.85,3945.03,4855.8,3363.81,4112.47
349,002190,成飞集成,17.18,3.34,521.54,4120.58,8957.88,13771.64
350,600061,国投安信,-129.53,413.1,-1631.59,620.13,211344.04,256173.2
351,000606,神州易桥,-0.41,-0.4,-4281.67,-11558.91,1740.91,4581.83
352,002265,西仪股份,2.69,0.85,127.66,827.14,343.1,701.26
353,002479,富春环保,1.33,1.42,13623.02,17276.12,18089.02,24492.8
354,600131,岷江水电,1.19,1.05,13760.01,15613.28,16424.07,16409.42
355,600179,安通控股,-0.96,-1.31,-26827.31,-30580.12,25852.07,40129.28
356,300333,兆日科技,0.69,0.52,3144.81,3702.68,2174.58,1910.26
357,300142,沃森生物,1.56,0.49,-14994.6,14342.47,-23361.06,7045.87
358,300363,博腾股份,1.82,1.36,6677.41,12548.6,12121.74,17118.97
359,600871,石化油服,4.4,-13.1,-201232.9,122975.3,-885799.2,-1611476.3
360,300193,佳士科技,1.38,1.93,5950.23,5243.4,8195.16,10100.88
361,000952,广济药业,-2.04,-0.65,-6121.68,-21873.07,12480.77,14183.92
362,601988,中国银行,1.03,0.97,13113300.0,16959500.0,13481300.0,16457800.0
363,600027,华电国际,0.87,0.57,425137.7,590181.4,371842.8,334444.3
364,300274,阳光电源,2.39,1.95,12402.99,28328.64,29693.53,55361.31
365,601999,出版传媒,1.8,1.64,4648.3,7500.92,8367.22,12294.67
366,600077,宋都股份,13.89,-5.38,613.42,3708.97,8522.8,-19947.44
367,002617,露笑科技,8.89,-1.65,544.1,-3913.82,4839.06,6476.35
368,600063,皖维高新,0.82,0.61,12164.94,17981.73,10032.46,11020.83
369,002702,海欣食品,1.29,0.71,633.34,1839.33,814.45,1307.16
370,600569,安阳钢铁,2.64,4.32,5312.83,2852.97,14039.64,12323.71
371,300395,菲利华,1.68,1.55,4411.86,6962.96,7432.35,10803.11
372,002633,申科股份,1.65,0.68,-1135.95,-3800.0,-1877.33,-2570.58
373,600373,中文传媒,1.5,1.6,65782.05,80916.68,98867.0,129536.39
374,601678,滨化股份,0.44,0.99,31571.55,36166.96,13961.93,35881.31
375,300037,新宙邦,1.91,1.93,9916.84,13275.95,18918.24,25591.97
376,002445,中南文化,2.4,3.48,5523.83,6560.55,13260.15,22861.9
377,600033,福建高速,1.08,1.12,49922.63,60076.04,53807.31,67115.35
378,002156,通富微电,1.44,1.5,8607.99,12082.44,12415.32,18081.46
379,600749,西藏旅游,-17.62,2.84,148.74,-3345.62,-2620.75,-9512.41
380,002577,雷柏科技,0.27,0.49,6521.81,3650.38,1783.17,1793.53
381,600548,深高速,0.47,0.53,200497.42,218688.34,94675.53,116935.32
382,601555,东吴证券,1.62,1.34,77282.95,111545.21,124970.58,149828.85
383,002301,齐心集团,4.19,3.61,1592.88,2907.34,6674.63,10489.14
384,300108,双龙股份,3.07,3.29,3485.81,5670.19,10684.37,18636.13
385,600769,祥龙电业,2.87,1.38,75.78,130.29,217.14,179.19
386,000802,北京文化,0.73,6.54,1977.71,7984.37,1437.45,52239.92
387,000790,泰合健康,1.23,1.25,1630.08,6609.31,2008.21,8249.74
388,002688,金河生物,1.99,2.13,6210.5,7720.96,12347.01,16412.92
389,300436,广生堂,0.91,0.79,6537.87,8376.78,5926.0,6641.3
390,002587,奥拓电子,1.26,1.28,4715.93,6731.24,5944.96,8628.24
391,600007,中国国贸,1.28,1.28,42913.66,53650.72,54867.95,68634.04
392,600512,腾达建设,2.17,3.52,2775.11,2402.12,6012.79,8447.41
393,600156,华升股份,3.34,-0.3,-1146.75,-3168.49,-3827.59,947.95
394,600343,航天动力,0.78,0.48,2400.91,6118.91,1870.19,2965.77
395,002697,红旗连锁,0.96,0.85,13992.92,17026.85,13485.61,14431.67
396,600846,同济科技,1.12,1.0,7872.57,18208.45,8785.88,18161.26
397,300319,麦捷科技,6.23,5.31,1872.82,2948.28,11666.56,15646.2
398,002408,齐翔腾达,0.87,1.68,29223.14,29940.22,25289.78,50251.02
399,000514,渝 开 发,0.09,1.0,12115.73,12238.85,1088.6,12266.15
400,300096,易联众,-0.42,0.23,2308.72,4690.41,-969.12,1059.82
401,300016,北陆药业,1.34,0.19,6090.49,8676.89,8188.47,1637.95
402,002295,精艺股份,-0.29,-0.16,-3159.4,-5600.31,906.31,918.43
403,601038,一拖股份,1.9,1.33,13225.8,16769.82,25182.58,22336.97
404,300494,盛天网络,0.83,1.04,8363.98,10562.03,6943.04,10975.02
405,300172,中电环保,1.63,1.31,4550.68,8339.99,7407.92,10904.3
406,603158,腾龙股份,1.28,1.33,6241.43,8931.57,8018.95,11835.26
407,603718,海利生物,0.86,0.85,8269.0,10122.14,7129.87,8553.63
408,603002,宏昌电子,0.39,0.43,4910.06,6272.34,1905.19,2667.92
409,002249,大洋电机,1.48,1.72,20199.83,29687.74,29928.62,50935.01
410,600560,金自天正,0.49,1.13,3005.17,1759.15,1468.8,1985.41
411,002421,达实智能,2.29,2.46,7396.46,11216.79,16910.13,27549.54
412,600376,首开股份,1.01,1.15,119922.03,164776.55,120539.35,190141.7
413,300139,晓程科技,0.34,0.47,4328.1,5969.31,1464.66,2798.51
414,600113,浙江东日,6.18,5.93,1280.89,1676.89,7920.28,9941.95
415,603885,吉祥航空,2.89,2.92,43693.39,42768.57,126454.27,124907.42
416,600527,XD江南高,0.12,0.91,9204.41,3016.88,1132.3,2744.91
417,600801,华新水泥,0.2,0.37,81495.58,122155.88,16080.74,45194.04
418,600962,国投中鲁,-0.07,-0.01,-5179.82,-11114.95,351.71,90.0
419,300317,珈伟股份,13.36,38.41,1563.23,817.53,20877.63,31404.68
420,000498,山东路桥,1.76,1.38,14089.13,31124.77,24807.71,42970.66
421,002077,大港股份,0.55,1.08,3668.08,3852.71,2031.32,4159.49
422,600262,北方股份,-0.05,0.14,5741.55,12465.45,-283.56,1737.09
423,300144,宋城演艺,2.41,2.5,31633.85,36118.32,76379.27,90230.52
424,002407,多氟多,-115.74,113.16,-327.1,422.2,37858.58,47776.48
425,002220,天宝股份,1.16,1.35,12914.84,13491.73,15000.54,18153.38
426,002469,三维工程,0.29,0.08,10062.88,15458.17,2919.19,1176.7
427,002559,亚威股份,0.73,1.38,7563.14,8463.34,5527.78,11678.96
428,600513,联环药业,1.34,1.42,3419.28,4399.53,4570.85,6269.02
429,000608,阳光股份,-18.78,0.8,1788.3,-58517.2,-33575.5,-46823.8
430,300282,汇冠股份,10.6,11.26,854.91,1115.97,9065.8,12570.25
431,300257,开山股份,0.27,0.3,28263.08,32801.45,7549.49,9945.57
432,000531,穗恒运Ａ,0.83,0.89,52366.19,64544.94,43209.69,57346.18
433,300443,金雷风电,1.8,2.29,7366.08,9148.36,13250.28,20988.36
434,002253,川大智胜,1.12,3.54,1840.34,1097.58,2067.58,3889.1
435,300179,四方达,0.48,0.79,2947.54,3745.82,1428.26,2951.52
436,300105,龙源技术,-0.73,-0.97,7408.66,16937.58,-5410.02,-16448.47
437,002074,国轩高科,26.63,27.39,2769.53,3764.13,73750.62,103093.97
438,600330,天通股份,9.49,8.13,1144.57,1356.66,10856.36,11033.17
439,000949,新乡化纤,1.49,1.27,7317.92,9056.58,10932.43,11501.55
440,300067,安诺其,0.87,0.81,7524.51,10087.14,6567.59,8185.8
441,002643,万润股份,3.97,3.3,6315.91,9653.22,25053.06,31865.27
442,002109,兴化股份,0.89,-0.19,-8032.67,-15107.94,-7125.53,2808.24
443,000088,盐 田 港,0.78,0.8,34504.66,43998.81,26964.91,35182.45
444,002472,双环传动,1.55,1.52,8660.01,12229.72,13395.39,18574.91
445,300234,开尔新材,0.3,0.27,8534.05,10501.82,2541.62,2845.57
446,000975,银泰资源,0.92,0.81,17743.39,27049.98,16392.27,21964.36
447,002224,三 力 士,1.15,1.14,13431.0,19744.68,15435.05,22582.89
448,002634,棒杰股份,0.96,1.2,3063.38,3373.94,2936.99,4039.81
449,002172,澳洋科技,-4.03,-2.49,-4985.81,-10426.75,20072.38,25924.22
450,300447,全信股份,2.06,1.85,4226.28,4925.17,8702.92,9090.5
451,300575,中旗股份,1.03,0.97,5401.59,7985.07,5582.85,7715.93
452,600812,华北制药,2.88,1.31,2250.91,4161.82,6475.56,5441.51
453,002391,长青股份,0.76,0.69,17708.88,23416.66,13509.68,16264.59
454,002367,康力电梯,1.4,1.05,26327.73,40240.8,36791.39,42406.83
455,000702,正虹科技,-0.36,0.08,1187.91,2602.68,-427.64,202.45
456,002355,兴民智通,0.87,1.02,4500.89,4994.04,3903.86,5081.63
457,000070,特发信息,2.73,3.52,4551.82,5558.85,12447.37,19578.51
458,300375,鹏翎股份,1.0,1.25,9760.48,12541.47,9781.98,15731.5
459,300239,东宝生物,4.09,3.93,318.94,488.81,1304.33,1922.7
460,002018,华信国际,2.74,3.45,7735.4,10668.57,21165.1,36803.93
461,000720,新能泰山,-0.78,-0.84,5612.86,7943.65,-4364.47,-6670.57
462,600608,*ST沪科,5.24,1.89,-409.7,-1256.51,-2146.13,-2379.63
463,002100,天康生物,2.23,1.89,14305.33,20763.03,31888.48,39254.14
464,300045,华力创通,0.88,1.09,2672.6,4702.11,2363.78,5102.64
465,002540,亚太科技,1.15,1.34,17377.94,22184.44,20060.73,29677.22
466,601899,紫金矿业,0.72,0.78,196901.95,234506.27,142449.97,183979.88
467,600515,海航基础,49.93,25.68,1312.75,3736.74,65540.34,95975.83
468,600270,外运发展,1.81,1.61,39532.47,61743.89,71490.18,99525.17
469,002689,远大智能,0.61,0.37,5848.43,18968.69,3550.72,7012.78
470,600278,东方创业,1.09,1.1,9550.53,13495.78,10425.4,14886.13
471,600965,福成股份,3.29,2.59,4473.59,7142.76,14733.47,18474.32
472,000890,法 尔 胜,33.13,27.11,410.21,521.33,13590.97,14134.74
473,600526,菲达环保,1.12,0.8,4682.62,5577.72,5231.25,4443.16
474,601015,陕西黑猫,0.53,1.13,13269.62,19132.21,7093.1,21562.4
475,002654,万润科技,3.44,3.55,3411.38,4040.49,11735.15,14330.71
476,600038,中直股份,1.26,1.32,24196.34,33184.03,30371.2,43916.15
477,600682,南京新百,-4.52,1.0,9838.09,40038.95,-44468.28,39985.52
478,300069,金利华电,1.24,1.52,1781.79,1569.82,2201.98,2388.59
479,600785,新华百货,0.21,0.32,23619.31,19392.09,4903.84,6295.83
480,600868,XD梅雁吉,5.58,-1.25,1345.99,-5452.82,7509.61,6820.67
481,000662,天夏智慧,-3.76,33.63,-3637.19,961.88,13672.77,32349.9
482,601969,海南矿业,-0.42,-0.67,31881.31,42405.0,-13517.92,-28577.6
483,000551,创元科技,1.68,1.6,3518.29,3105.08,5896.95,4977.11
484,600737,中粮糖业,8.21,15.91,4048.39,3237.18,33222.83,51504.79
485,600408,安泰集团,1.41,0.86,-31497.02,-68031.48,-44258.84,-58195.48
486,600234,ST山水,-0.06,-1.31,-1303.57,-1091.4,75.82,1426.97
487,603169,兰石重装,0.51,0.04,4757.48,43280.26,2435.83,1641.99
488,603338,浙江鼎力,2.03,1.9,6593.48,9196.44,13358.78,17478.23
489,600565,迪马股份,0.82,1.26,15695.88,61540.7,12885.94,77675.29
490,000632,三木集团,0.25,1.37,567.24,1208.14,142.14,1657.5
491,002742,三圣股份,1.14,1.17,6708.83,10106.4,7673.4,11791.47
492,300451,创业软件,1.25,1.32,1637.66,4757.61,2044.22,6300.35
493,000777,中核科技,0.9,1.47,5226.03,7193.72,4719.95,10542.27
494,002209,达 意 隆,-2.39,-3.42,1091.76,1323.57,-2614.24,-4531.81
495,002613,北玻股份,0.83,1.3,2370.23,1855.99,1973.96,2409.89
496,000529,广弘控股,1.24,0.69,6354.58,15314.42,7874.98,10563.22
497,002189,利达光电,1.46,1.26,929.66,1375.45,1355.59,1732.2
498,300050,世纪鼎利,3.31,2.73,2569.04,4385.82,8503.76,11993.82
499,002756,永兴特钢,0.94,0.96,21961.53,26413.55,20563.73,25360.5
500,002096,南岭民爆,0.37,0.17,11657.57,19790.62,4269.4,3385.11
501,600382,广东明珠,0.17,0.21,82755.8,84391.77,14377.38,17720.27
502,002135,东南网架,0.69,0.76,5964.06,6451.84,4107.91,4912.46
503,000563,陕国投Ａ,1.44,1.47,24418.97,35063.18,35044.55,51523.76
504,601200,上海环境,1.85,2.0,19476.75,23214.6,36023.13,46506.15
505,002039,黔源电力,0.69,0.44,28138.49,29422.54,19323.69,12961.37
506,000416,民生控股,0.39,0.19,2491.12,8792.69,983.37,1664.3
507,300150,世纪瑞尔,-1.32,0.73,1355.87,12507.33,-1793.76,9078.4
508,600011,华能国际,0.94,0.84,999554.97,1054575.05,938869.98,881429.09
509,600743,华远地产,1.21,1.12,28879.19,66162.28,35033.8,74132.36
510,300217,东方电热,0.58,0.45,7203.31,10267.11,4203.77,4586.09
511,002080,中材科技,4.73,2.64,7165.71,15219.48,33866.9,40140.33
512,000615,京汉股份,-6.22,6.94,1566.73,1574.91,-9742.06,10924.51
513,600370,三房巷,2.3,3.09,1967.64,1505.16,4532.48,4653.65
514,000524,岭南控股,1.24,0.84,2348.53,3636.73,2911.07,3061.49
515,000973,佛塑科技,0.86,1.57,6129.29,8014.75,5283.85,12565.51
516,000948,南天信息,1.41,1.75,-3489.34,1184.52,-4907.0,2068.94
517,300356,光一科技,0.81,1.78,3042.45,3593.1,2460.28,6378.67
518,601600,中国铝业,-0.02,-0.02,-541203.9,-1621688.0,10785.6,40249.4
519,000628,高新发展,-2.55,-0.7,-1193.79,-4180.67,3048.88,2936.67
520,300328,宜安科技,0.57,0.63,3056.65,4891.85,1755.78,3068.77
521,600287,江苏舜天,0.7,0.9,5863.6,5231.54,4116.86,4699.62
522,000655,金岭矿业,-0.96,-2.69,14631.77,20914.67,-14091.35,-56256.37
523,600898,三联商社,0.46,0.51,1994.5,3185.49,920.34,1619.33
524,600583,海油工程,0.43,0.31,259255.34,426687.11,111786.05,131530.71
525,300055,万邦达,1.79,1.37,11134.73,19185.78,19900.39,26224.83
526,600829,人民同泰,2.87,5.63,6768.53,3985.1,19406.0,22450.99
527,002401,中海科技,1.09,1.16,4440.46,5107.44,4861.57,5918.95
528,000687,华讯方舟,-3.6,11.19,-3376.57,1439.23,12143.49,16108.68
529,600701,工大高新,-0.56,-5.22,-2377.15,-1467.76,1337.11,7658.02
530,600268,国电南自,0.64,-0.09,-17744.2,-34096.11,-11403.13,3151.2
531,600766,园城黄金,0.28,0.23,1305.63,1393.26,363.17,314.59
532,000619,海螺型材,0.89,0.7,10261.33,10858.45,9100.28,7597.19
533,002062,宏润建设,1.15,1.14,13787.08,20451.82,15910.95,23299.46
534,000972,*ST中基,1.86,-22.55,-4910.6,1126.99,-9125.5,-25411.15
535,002562,兄弟科技,3.63,4.19,2681.32,4003.37,9722.75,16766.84
536,300241,瑞丰光电,1.19,2.1,4018.28,2383.38,4794.5,5000.39
537,000980,金马股份,1.27,2.07,3484.8,4196.86,4435.47,8678.44
538,300290,荣科科技,0.86,0.57,2132.59,5694.68,1825.61,3239.75
539,002695,煌上煌,0.96,0.89,8489.16,9862.91,8177.07,8820.01
540,002631,德尔未来,1.38,1.48,10289.94,12897.05,14186.95,19104.33
541,002515,金字火腿,0.89,1.01,2349.66,1969.58,2094.23,1989.63
542,300346,南大光电,0.4,0.15,3566.64,5094.13,1434.01,754.87
543,600720,祁连山,0.32,0.3,63521.37,56190.39,20379.42,16657.91
544,603558,健盛集团,1.64,1.35,6397.91,7702.84,10473.42,10362.3
545,600114,东睦股份,1.1,1.43,9900.9,12337.12,10892.22,17586.31
546,002281,光迅科技,1.62,1.98,13029.13,14412.85,21141.17,28502.13
547,300046,台基股份,0.82,0.88,3409.79,4390.26,2805.51,3854.35
548,002155,湖南黄金,1.03,1.09,10303.15,13178.39,10653.52,14350.25
549,600803,新奥股份,0.36,0.64,53954.44,80942.65,19284.91,51869.36
550,600246,万通地产,2.31,2.45,9196.52,4508.99,21228.18,11030.67
551,002213,特 尔 佳,0.93,0.56,1264.8,1421.0,1182.16,798.28
552,300495,美尚生态,1.18,1.94,8183.87,10756.31,9619.51,20898.89
553,002246,北化股份,1.43,1.15,4797.11,7288.97,6878.4,8397.24
554,000828,东莞控股,1.47,1.4,42606.24,59033.33,62654.06,82901.82
555,002681,奋达科技,2.21,2.65,10889.26,14542.45,24062.55,38525.57
556,600321,国栋建设,-10.87,0.69,877.11,603.76,-9530.16,415.61
557,300048,合康新能,6.51,4.09,2216.51,4370.93,14423.22,17895.08
558,600008,首创股份,1.78,1.0,22057.96,61023.24,39266.97,61088.89
559,300011,鼎汉技术,0.84,0.64,7439.97,17472.38,6223.73,11122.42
560,300008,天海防务,3.43,3.14,3472.07,4591.5,11912.24,14434.81
561,603126,中材节能,1.09,1.22,8775.72,10641.36,9531.21,13025.62
562,600260,凯乐科技,1.24,3.84,9089.09,4751.65,11288.38,18222.96
563,300376,易事特,2.19,2.72,12391.67,17353.63,27110.37,47164.5
564,300213,佳讯飞鸿,1.46,1.48,5019.43,6958.74,7329.19,10320.67
565,300021,大禹节水,1.69,2.91,1237.99,2078.85,2095.14,6048.72
566,002658,雪迪龙,0.76,0.98,12232.86,19884.11,9323.44,19390.36
567,603066,音飞储存,1.79,1.33,3255.1,6139.04,5841.56,8183.25
568,300175,朗源股份,0.31,0.32,9972.55,8770.1,3125.08,2832.37
569,002749,国光股份,1.07,1.13,11830.64,12358.68,12641.15,13924.66
570,002510,天汽模,1.07,0.9,9556.93,16642.36,10265.2,15004.1
571,000670,盈方微,-1.22,4.66,-1365.41,518.74,1669.9,2417.17
572,002459,天业通联,-0.25,0.76,-4337.83,2629.96,1083.98,2011.21
573,002238,天威视讯,2.02,1.41,11456.47,21487.71,23137.1,30263.41
574,300401,花园生物,1.09,1.17,2451.81,3728.72,2662.53,4377.28
575,600717,天津港,1.1,1.1,90902.0,115191.25,100073.03,126368.67
576,002466,天齐锂业,49.19,11.59,2446.78,13050.15,120349.38,151205.09
577,600520,*ST中发,0.31,-0.19,-1213.04,-6671.27,-371.07,1235.1
578,600368,五洲交通,1.42,3.03,13827.87,7343.49,19686.59,22215.78
579,300371,汇中股份,0.75,0.71,3962.8,7435.69,2967.33,5292.06
580,300081,恒信移动,0.17,1.5,-2546.28,1053.95,-428.26,1582.32
581,300304,云意电气,1.27,1.34,6081.56,8221.67,7718.05,11005.26
582,600853,龙建股份,1.12,1.63,1350.39,1801.33,1513.81,2930.72
583,000816,智慧农业,0.2,-2.45,4212.8,5634.67,824.17,-13808.06
584,000600,建投能源,1.04,0.71,158673.57,204319.28,164228.25,145313.66
585,601016,节能风电,1.46,1.04,9188.81,18204.22,13392.19,18859.68
586,002205,国统股份,-0.51,0.2,3843.33,6726.44,-1973.69,1332.86
587,600449,宁夏建材,0.32,0.21,27816.04,27151.3,8847.06,5764.99
588,601000,唐山港,1.27,1.21,75404.43,108898.79,96099.55,132025.4
589,300446,乐凯新材,1.28,1.4,5995.03,7689.3,7656.6,10797.76
590,002146,荣盛发展,1.06,1.28,205889.63,323197.76,217432.29,414809.31
591,002553,南方轴承,1.2,1.11,5053.14,6526.82,6046.08,7228.0
592,002330,得利斯,0.46,0.26,4027.07,3519.52,1848.54,903.17
593,603969,银龙股份,0.83,1.1,11930.58,13138.1,9929.7,14485.13
594,300475,聚隆科技,0.67,0.61,11927.89,15806.5,7983.53,9663.45
595,002431,棕榈股份,0.35,0.28,24102.76,42813.43,8490.39,12082.61
596,002494,华斯股份,0.13,0.16,6797.33,9482.44,862.61,1506.52
597,600550,保变电气,0.04,1.61,29256.35,6770.78,1098.43,10912.81
598,300449,汉邦高科,0.58,0.56,2091.69,5671.44,1207.77,3190.93
599,600405,动力源,0.73,0.59,3159.5,4568.78,2314.84,2716.31
600,600732,*ST新梅,-10.8,-0.57,335.72,-3451.42,-3626.52,1954.76
