,code,name,times_4,net40,net41
0,600683,京投发展,3.9,7452.88,29046.34
1,002333,罗普斯金,1.62,8666.1,14082.2
2,600652,游久游戏,26.22,447.43,11732.0
3,002822,中装建设,1.25,12529.62,15618.32
4,300259,新天科技,0.99,10591.57,10530.02
5,603993,洛阳钼业,0.85,117420.37,99804.06
6,600760,中航黑豹,1.57,1768.09,2776.52
7,300534,陇神戎发,1.15,4091.21,4725.23
8,600071,凤凰光学,4.09,-2823.02,-11539.68
9,002072,凯瑞德,-0.24,-6042.67,1435.64
10,600802,福建水泥,0.73,1904.58,1381.3
11,603165,荣晟环保,2.71,4530.79,12274.65
12,600239,云南城投,0.76,31986.07,24413.94
13,600892,大晟文化,54.04,282.52,15268.31
14,600250,南纺股份,0.14,11867.58,1719.22
15,002302,西部建设,0.78,40710.11,31630.98
16,000905,厦门港务,0.63,32930.5,20660.79
17,002288,超华科技,-1.34,4607.96,-6193.43
18,002089,新 海 宜,0.32,8535.3,2738.77
19,300449,汉邦高科,0.61,5261.23,3190.93
20,002485,希努尔,0.1,7139.11,746.86
21,300344,太空板业,1.0,2474.61,2472.23
22,300562,乐心医疗,2.29,3516.84,8052.07
23,000810,创维数字,130.72,372.09,48640.2
24,000912,泸天化,2.14,-29751.24,-63720.06
25,601020,华钰矿业,1.48,12622.15,18716.59
26,002125,湘潭电化,3.9,569.78,2224.07
27,000639,西王食品,0.75,18094.86,13481.51
28,300136,信维通信,-8.1,-6561.2,53156.87
29,002519,银河电子,2.77,11185.52,30997.94
30,600588,用友网络,0.36,54790.23,19739.17
31,000547,航天发展,1.76,13843.92,24402.04
32,002837,英维克,2.15,3332.31,7180.56
33,000507,珠海港,1.13,9209.99,10421.92
34,300073,当升科技,10.23,970.35,9928.78
35,002038,双鹭药业,0.78,57739.74,45210.76
36,603696,XD安记食,0.77,5269.19,4079.57
37,300410,正业科技,2.22,3276.52,7283.65
38,603799,华友钴业,0.56,12267.28,6923.75
39,600539,狮头股份,0.08,-13016.59,-1047.95
40,000022,深赤湾Ａ,1.06,50289.45,53237.65
41,002340,格林美,1.83,14411.51,26373.19
42,600885,宏发股份,1.77,32818.46,58176.85
43,000663,永安林业,11.05,1112.24,12291.03
44,300128,锦富技术,0.39,9695.98,3820.12
45,600602,云赛智联,2.08,11406.85,23772.06
46,002862,实丰文化,1.24,3239.09,4007.67
47,600677,航天通信,0.74,3424.16,2541.86
48,000605,渤海股份,-3.5,-1215.35,4254.59
49,000586,汇源通信,0.21,1461.41,301.95
50,002545,东方铁塔,0.81,16880.55,13649.5
51,600491,龙元建设,1.57,22162.85,34842.37
52,600967,内蒙一机,1.92,25852.49,49650.87
53,300618,寒锐钴业,4.26,1562.2,6657.5
54,300167,迪威视讯,5.63,521.52,2938.57
55,002276,万马股份,0.98,22001.7,21521.82
56,000892,欢瑞世纪,-429.06,-61.78,26507.31
57,000069,华侨城Ａ,1.56,440828.79,688841.79
58,600855,航天长峰,1.84,3145.91,5774.49
59,000753,漳州发展,1.82,11222.75,20397.09
60,300143,星河生物,-0.34,-16315.9,5508.04
61,600706,曲江文旅,0.63,8475.11,5340.1
62,000911,南宁糖业,0.38,4937.12,1897.99
63,300490,华自科技,1.16,4153.82,4821.4
64,002053,云南能投,7.23,3733.95,27012.68
65,002136,安 纳 达,-0.93,-4585.99,4251.11
66,002188,巴士在线,11.91,785.93,9360.07
67,000659,*ST中富,0.52,-111048.18,-57349.47
68,300191,潜能恒信,0.12,9220.84,1136.35
69,000760,斯太尔,13.5,341.08,4605.31
70,600714,金瑞矿业,2.54,2268.8,5762.33
71,300197,铁汉生态,2.21,23576.58,52206.56
72,600456,宝钛股份,3.16,1166.4,3686.21
73,002158,汉钟精机,1.12,14920.83,16645.29
74,600745,中茵股份,0.89,5383.71,4798.15
75,300324,旋极信息,16.98,2222.05,37729.9
76,000962,东方钽业,8.19,354.1,2900.49
77,600848,上海临港,33.49,1204.26,40336.5
78,002835,同为股份,1.02,6298.25,6424.41
79,000615,京汉股份,-2.98,-3664.21,10924.51
80,300397,天和防务,-0.48,14642.85,-7069.57
81,000877,天山股份,0.36,28020.35,9978.54
82,600684,珠江实业,0.74,44957.12,33317.1
83,600711,盛屯矿业,1.78,10610.63,18856.49
84,002812,创新股份,1.32,12483.16,16539.19
85,300409,道氏技术,1.68,6023.79,10114.65
86,601958,金钼股份,0.3,17802.26,5389.81
87,002539,云图控股,1.34,10669.19,14272.14
88,000559,万向钱潮,1.57,53062.31,83380.66
89,300157,恒泰艾普,0.65,13135.28,8495.38
90,601212,白银有色,0.78,32350.08,25152.44
91,000722,湖南发展,0.89,15810.59,14049.14
92,600346,恒力股份,106.61,1106.68,117983.43
93,002114,罗平锌电,-1.62,-5105.95,8291.35
94,002664,信质电机,1.6,14406.93,23095.78
95,300153,科泰电源,2.41,2012.64,4845.61
96,300540,深冷股份,0.63,6121.35,3858.87
97,600463,空港股份,0.37,7538.96,2814.87
98,603306,华懋科技,2.95,8899.99,26248.4
99,000638,万方发展,-0.87,-1203.09,1044.07
100,002745,木林森,1.09,43268.22,47345.94
101,600391,航发科技,1.33,3188.99,4255.0
102,300156,神雾环保,-4.64,-15203.75,70575.74
103,600764,中电广通,1.56,465.7,726.71
104,600498,烽火通信,1.46,51911.71,76043.34
105,300579,数字认证,1.44,4172.0,5996.08
106,600555,海航创新,-7.07,2724.95,-19264.46
107,002536,西泵股份,4.26,2530.4,10785.72
108,000088,盐 田 港,0.91,38846.45,35182.45
109,300275,梅安森,-0.69,10161.29,-6989.81
110,600167,联美控股,5.04,13868.46,69892.42
111,600879,航天电子,2.08,23029.53,47837.31
112,002479,富春环保,1.71,14297.75,24492.8
113,600008,首创股份,1.02,60126.55,61088.89
114,300401,花园生物,1.2,3643.29,4377.28
115,603444,吉比特,3.72,15753.89,58546.45
116,002103,广博股份,7.11,1679.85,11949.7
117,600057,象屿股份,1.77,24143.54,42644.19
118,600438,通威股份,3.35,30587.1,102472.44
119,000852,石化机械,-7.98,10378.79,-82872.2
120,300611,美力科技,2.02,2739.87,5535.13
121,600549,厦门钨业,0.32,45954.62,14700.33
122,002750,龙津药业,1.21,7505.59,9103.44
123,600562,国睿科技,2.42,9454.46,22837.82
124,300210,森远股份,0.74,10318.48,7647.1
125,300227,光韵达,0.9,1805.81,1618.58
126,600151,航天机电,1.39,14425.52,20045.26
127,300630,普利制药,2.81,2479.02,6977.85
128,600072,中船科技,0.24,-18234.65,-4292.95
129,300398,飞凯材料,1.04,6543.69,6778.68
130,600260,凯乐科技,2.32,7860.65,18222.96
131,000089,深圳机场,1.12,50229.61,56243.09
132,000725,京东方Ａ,0.8,235336.57,188257.17
133,000502,绿景控股,4.61,696.88,3211.34
134,000688,建新矿业,0.83,28225.1,23432.33
135,600563,法拉电子,1.36,28621.84,38955.45
136,600640,号百控股,0.22,8125.1,1787.07
137,600392,盛和资源,-0.22,14784.96,-3285.23
138,000710,*ST天仪,0.68,-615.69,-418.59
139,300389,艾比森,1.32,11431.04,15135.31
140,000628,高新发展,2.1,1399.69,2936.67
141,002845,同兴达,0.98,9971.88,9764.78
142,600365,通葡股份,0.21,986.6,207.07
143,600158,中体产业,0.45,13631.19,6100.99
144,600187,国中水务,0.11,14276.35,1618.9
145,002806,华锋股份,1.05,2496.53,2626.54
146,000426,兴业矿业,1.29,6940.63,8945.87
147,600367,红星发展,14.05,326.39,4585.95
148,600884,杉杉股份,1.8,18378.91,33016.31
149,603898,好莱客,2.51,10055.55,25226.54
150,300299,富春股份,9.59,1144.72,10980.17
151,300374,恒通科技,0.82,6136.23,5021.87
152,002430,杭氧股份,-1.22,23164.43,-28261.87
153,600282,南钢股份,-0.57,-61845.03,35373.52
154,300064,豫金刚石,1.46,9426.21,13756.26
155,002581,未名医药,4.74,8803.73,41769.51
156,002261,拓维信息,5.35,3957.45,21152.86
157,300546,雄帝科技,1.54,3922.68,6041.13
158,300470,日机密封,1.22,8026.78,9775.56
159,300302,同有科技,6.56,1962.17,12876.12
160,002283,天润曲轴,1.92,10106.71,19429.68
161,600880,博瑞传播,0.18,33804.65,6013.61
162,002105,信隆健康,6.76,422.23,2855.17
163,000652,泰达股份,2.33,11631.44,27086.84
164,000758,中色股份,3.62,8185.84,29601.33
165,000530,大冷股份,1.17,15300.61,17863.27
166,600871,石化油服,11.08,-145421.7,-1611476.3
167,300140,中环装备,9.86,914.37,9017.29
168,000938,紫光股份,8.07,10094.46,81482.26
169,000498,山东路桥,1.64,26124.38,42970.66
170,600755,厦门国贸,1.11,94244.32,104319.77
171,002476,宝莫股份,0.32,4693.22,1482.97
172,600270,外运发展,1.46,68083.28,99525.17
173,600228,*ST昌九,0.19,-19463.93,-3709.08
174,000545,金浦钛业,1.27,9492.5,12080.38
175,002196,方正电机,21.75,543.82,11829.02
176,600309,万华化学,1.27,289141.23,367942.18
177,000519,中兵红箭,0.36,38089.93,13765.02
178,300437,清水源,1.44,3140.04,4523.68
179,002861,瀛通通讯,1.07,9756.48,10415.46
180,002014,永新股份,1.15,17626.92,20271.06
181,600185,格力地产,1.7,35276.8,60064.73
182,002087,新野纺织,2.59,8012.27,20745.52
183,300038,梅泰诺,2.15,5032.29,10810.48
184,002651,利君股份,0.31,31116.19,9592.98
185,002838,道恩股份,1.74,4563.93,7932.1
186,002265,西仪股份,1.2,585.99,701.26
187,000831,五矿稀土,0.08,22419.86,1858.91
188,600099,林海股份,4.81,40.19,193.4
189,600495,晋西车轴,0.24,11438.42,2694.31
190,002192,融捷股份,-0.1,-5397.68,530.54
191,000856,冀东装备,2.71,854.86,2312.46
192,300118,东方日升,9.11,7565.27,68884.59
193,002497,雅化集团,0.6,22204.69,13381.4
194,002272,川润股份,-0.5,-2923.71,1454.82
195,002035,华帝股份,1.46,22383.67,32752.16
196,603022,新通联,0.56,5178.79,2922.92
197,600459,贵研铂业,1.04,7988.0,8302.06
198,300218,安利股份,0.79,7378.47,5837.91
199,002306,*ST云网,0.1,-56438.39,-5407.84
200,300061,康耐特,5.18,2096.35,10852.47
201,002506,协鑫集成,0.02,-145212.36,-2691.16
202,600118,中国卫星,1.3,30579.53,39766.43
203,002217,合力泰,-13.78,-6341.33,87379.46
204,002313,日海通讯,1.3,5202.74,6746.58
205,300539,横河模具,1.3,2888.25,3753.69
206,000633,合金投资,4.53,582.43,2640.71
207,000783,长江证券,2.19,100585.84,220657.6
208,002282,博深工具,0.77,1613.53,1248.45
209,600246,万通地产,0.29,38067.27,11030.67
210,000752,西藏发展,0.06,12967.81,797.43
211,603177,德创环保,0.37,14717.07,5375.98
212,002172,澳洋科技,12.4,2091.25,25924.22
213,600052,浙江广厦,6.41,5577.3,35747.56
214,000536,华映科技,1.27,31072.48,39566.97
215,300035,中科电气,0.32,7162.78,2271.72
216,300606,金太阳,1.41,2856.9,4020.83
217,600242,中昌数据,-0.42,-8124.96,3386.92
218,603578,三星新材,1.4,3411.73,4770.53
219,600232,金鹰股份,2.52,1153.42,2905.64
220,603936,博敏电子,0.75,7112.51,5339.16
221,002853,皮阿诺,1.59,5499.4,8753.99
222,002512,达华智能,1.81,8771.21,15911.14
223,300145,中金环境,3.21,15909.35,50998.61
224,002019,亿帆医药,27.52,2560.91,70476.27
225,000976,春晖股份,-0.32,-9794.39,3085.38
226,603908,牧高笛,1.03,4598.77,4748.69
227,000795,英洛华,-0.22,-15861.27,3458.08
228,600961,株冶集团,0.89,2321.06,2068.94
229,002008,大族激光,1.37,54878.75,75426.21
230,002415,海康威视,2.42,306664.85,742226.2
231,002656,摩登大道,-1.92,14932.23,-28690.55
232,600259,广晟有色,-0.33,-7871.52,2632.0
233,300141,和顺电气,0.47,6267.3,2972.91
234,600083,博信股份,0.4,748.5,301.3
235,600822,上海物贸,0.81,1818.5,1471.43
236,002296,辉煌科技,1.21,7039.92,8507.01
237,300428,四通新材,1.58,4430.71,6991.64
238,002620,瑞和股份,1.17,8098.75,9495.27
239,600747,*ST大控,-2.24,4399.29,-9846.45
240,300056,三维丝,4.45,4953.75,22061.48
241,002326,永太科技,13.96,1984.83,27701.89
242,600641,万业企业,3.17,22669.07,71842.21
243,300605,恒锋信息,1.48,2640.63,3903.77
244,000762,西藏矿业,1.06,2013.03,2127.04
245,300425,环能科技,1.17,5931.74,6953.38
246,000030,富奥股份,1.25,54300.64,67671.17
247,600870,厦华电子,0.01,-53729.76,-510.21
248,600138,中青旅,1.51,32057.27,48351.53
249,000595,*ST宝实,0.71,-11961.59,-8443.25
250,002717,岭南园林,2.7,9663.0,26080.41
251,601318,中国平安,2.22,2815400.0,6239400.0
252,002096,南岭民爆,0.18,18459.36,3385.11
253,000701,厦门信达,0.58,24173.19,13979.09
254,600990,四创电子,2.53,5119.19,12945.5
255,000901,航天科技,2.15,4767.2,10264.04
256,000655,金岭矿业,-2.15,26167.15,-56256.37
257,000065,北方国际,2.95,15610.81,46104.9
258,600532,宏达矿业,0.7,16370.98,11463.12
259,000721,西安饮食,0.83,1479.45,1235.12
260,000630,铜陵有色,0.31,57256.21,18032.4
261,300072,三聚环保,7.9,20459.3,161705.3
262,000632,三木集团,1.18,1406.26,1657.5
263,002477,雏鹰农牧,11.49,7562.11,86910.88
264,002436,兴森科技,1.68,11448.54,19260.68
265,300581,晨曦航空,1.68,3113.14,5243.56
266,000826,启迪桑德,1.85,58560.97,108135.94
267,002174,游族网络,-28.73,-2046.02,58787.99
268,002634,棒杰股份,1.39,2901.18,4039.81
269,601188,龙江交通,1.22,23711.6,28912.68
270,000409,山东地矿,-1.53,12677.49,-19355.82
271,000923,河北宣工,0.51,410.07,209.16
272,603939,益丰药房,2.26,9918.77,22389.11
273,002235,安妮股份,1.21,960.11,1165.95
274,600150,中国船舶,-65.94,3953.51,-260682.0
275,000756,新华制药,3.33,3674.54,12227.15
276,600765,中航重机,1.58,15330.86,24246.31
277,002359,齐星铁塔,-16.52,293.14,-4841.51
278,002374,丽鹏股份,4.11,3783.64,15559.19
279,000018,神州长城,57.66,821.48,47366.19
280,000697,炼石有色,-0.6,6385.86,-3803.83
281,600703,三安光电,2.09,103598.77,216665.23
282,002040,南 京 港,5.37,1576.87,8461.13
283,002807,江阴银行,0.78,99972.2,77792.6
284,300068,南都电源,2.53,13013.28,32934.34
285,000407,胜利股份,-14.22,2058.0,-29268.85
286,002271,东方雨虹,2.83,36370.66,102870.97
287,600203,福日电子,0.84,7629.96,6376.22
288,300531,优博讯,1.47,4587.08,6756.54
289,603686,龙马环卫,2.2,9601.08,21132.12
290,603968,醋化股份,2.36,6251.88,14773.09
291,300015,爱尔眼科,2.49,22349.56,55746.72
292,002392,北京利尔,0.85,17287.79,14750.69
293,002428,云南锗业,-0.84,12311.06,-10321.34
294,002795,永和智控,1.3,5197.74,6737.78
295,002529,海源机械,-4.36,875.74,-3817.72
296,000738,航发控制,1.03,20333.03,20884.44
297,000565,渝三峡Ａ,6.09,3667.5,22348.12
298,000576,广东甘化,2.85,3587.85,10240.62
299,002770,科迪乳业,1.16,7691.61,8949.53
300,002672,东江环保,2.56,20828.21,53381.38
301,002589,瑞康医药,4.12,14355.49,59075.89
302,601678,滨化股份,1.42,25265.78,35881.31
303,002760,凤形股份,0.24,4270.74,1022.98
304,002060,粤 水 电,1.51,8924.11,13465.12
305,002404,嘉欣丝绸,1.24,8008.16,9957.6
306,002190,成飞集成,3.04,4534.95,13771.64
307,300495,美尚生态,2.06,10127.04,20898.89
308,002213,特 尔 佳,0.29,2762.85,798.28
309,300114,中航电测,2.16,4769.73,10303.51
310,002705,新宝股份,2.24,19220.55,43099.0
311,603319,湘油泵,1.31,4296.56,5632.3
312,600778,友好集团,-1.38,28872.64,-39971.89
313,600202,哈空调,2.06,-8799.8,-18117.93
314,002658,雪迪龙,1.45,13414.67,19390.36
315,600127,金健米业,0.92,1100.92,1008.31
316,600217,中再资环,-1.28,-11703.05,14955.57
317,002056,横店东磁,1.58,27935.06,44118.38
318,300316,晶盛机电,4.7,4338.84,20374.86
319,300034,钢研高纳,1.11,8665.67,9596.79
320,600265,ST景谷,2.37,1420.89,3370.95
321,600279,重庆港九,1.01,7793.75,7846.04
322,600336,澳柯玛,0.16,15214.68,2395.55
323,600768,宁波富邦,-0.48,-3805.63,1831.38
324,000779,三毛派神,-0.4,-3324.85,1314.13
325,300635,达安股份,1.28,4287.47,5502.03
326,300237,美晨科技,13.91,3211.88,44664.92
327,600665,天地源,0.86,26642.75,23032.81
328,600226,瀚叶股份,8.5,2772.58,23561.06
329,000430,张家界,1.17,5220.61,6115.59
330,300577,开润股份,3.69,2278.54,8400.45
331,600325,华发股份,1.89,53833.77,101838.19
332,300241,瑞丰光电,0.88,5660.38,5000.39
333,002383,合众思壮,9.84,980.13,9644.97
334,000566,海南海药,1.75,9384.5,16462.9
335,600156,华升股份,0.13,7080.88,947.95
336,002850,科达利,3.79,6134.08,23266.77
337,603899,晨光文具,1.76,28034.27,49291.99
338,002347,泰尔股份,0.69,1452.73,1003.85
339,600038,中直股份,1.78,24723.29,43916.15
340,300255,常山药业,1.52,11518.29,17548.72
341,300489,中飞股份,0.93,3382.35,3133.76
342,002247,帝龙文化,4.67,8106.59,37868.59
343,000981,银亿股份,0.81,63593.76,51388.43
344,002034,美 欣 达,0.53,3839.65,2019.79
345,002068,黑猫股份,3.66,2573.5,9413.41
346,600877,*ST嘉陵,1.28,-24010.36,-30778.68
347,300117,嘉寓股份,1.25,6101.31,7627.17
348,002229,鸿博股份,0.26,4908.96,1268.01
349,600522,中天科技,3.02,52653.49,158804.83
350,002460,赣锋锂业,6.26,7412.35,46436.51
351,002245,澳洋顺昌,2.21,9314.09,20562.14
352,600480,凌云股份,1.58,13453.81,21303.47
353,601016,节能风电,0.97,19511.65,18859.68
354,603990,麦迪科技,1.45,3108.51,4520.57
355,002461,珠江啤酒,2.76,4123.77,11389.34
356,300632,光莆股份,1.7,2527.95,4302.69
357,600893,航发动力,2.7,32981.4,89069.55
358,002613,北玻股份,0.55,4380.22,2409.89
359,000958,东方能源,0.42,66828.61,28268.9
360,603889,新澳股份,1.64,9676.47,15917.35
361,600774,汉商集团,0.7,1670.41,1164.37
362,600337,美克家居,1.92,17200.84,33080.05
363,300265,通光线缆,2.97,4233.78,12557.14
364,000850,华茂股份,0.52,18963.91,9857.48
365,300011,鼎汉技术,1.95,5694.4,11122.42
366,002667,鞍重股份,-0.4,5861.86,-2322.22
367,603958,哈森股份,0.57,14173.65,8049.02
368,600721,百花村,46.51,299.17,13913.42
369,300400,劲拓股份,1.48,3513.71,5210.82
370,000040,东旭蓝天,1.7,10303.19,17537.95
371,000728,国元证券,2.12,66413.19,140540.44
372,600476,湘邮科技,-0.04,-6196.82,231.16
373,600101,明星电力,0.51,16472.38,8353.91
374,300628,亿联网络,4.32,10009.34,43232.33
375,002858,力盛赛车,1.3,2506.51,3267.39
376,600278,东方创业,1.21,12314.49,14886.13
377,601886,江河集团,1.21,29083.22,35156.18
378,300188,美亚柏科,3.24,5628.69,18262.4
379,002218,拓日新能,9.92,1298.07,12871.21
380,600373,中文传媒,2.03,63718.82,129536.39
381,603338,浙江鼎力,2.09,8359.86,17478.23
382,002518,科士达,2.34,12668.29,29585.85
383,000960,锡业股份,-0.1,-134066.15,13611.93
384,000551,创元科技,1.21,4106.96,4977.11
385,000606,神州易桥,1.72,2662.88,4581.83
386,300303,聚飞光电,1.19,13093.57,15521.2
387,002378,章源钨业,0.43,10842.57,4712.07
388,603009,北特科技,1.36,4088.54,5576.62
389,300124,汇川技术,1.66,56022.87,93183.75
390,002450,康得新,2.98,65862.04,196290.8
391,600184,光电股份,-0.18,-16633.48,2960.92
392,300619,金银河,1.55,2789.89,4311.77
393,000060,中金岭南,0.78,41312.24,32322.88
394,603001,奥康国际,1.11,27423.47,30520.47
395,002446,盛路通信,35.66,452.57,16137.89
396,600523,贵航股份,1.32,13126.92,17323.95
397,000063,中兴通讯,-1.74,135765.7,-235741.8
398,300360,炬华科技,1.49,17181.95,25549.01
399,600372,中航电子,0.73,62742.27,46041.36
400,002747,埃斯顿,1.27,5389.99,6858.96
401,002520,日发精机,5.0,822.35,4112.47
402,002841,视源股份,4.53,16388.56,74195.62
403,600608,*ST沪科,7.58,-313.96,-2379.63
404,601515,东风股份,0.81,70262.06,56671.98
405,002184,海得控制,0.43,3092.68,1342.69
406,600857,宁波中百,1.19,3569.78,4249.91
407,603377,XD东方时,0.92,26635.48,24593.61
408,600315,上海家化,0.27,80015.41,21601.67
409,603838,四通股份,1.26,4764.01,5982.16
410,000501,鄂武商Ａ,2.13,46511.83,99163.41
411,002592,八菱科技,1.43,9003.4,12841.34
412,603012,创力集团,0.39,24803.37,9590.21
413,600091,ST明科,-0.14,-11034.44,1501.83
414,000910,大亚圣象,4.15,13043.06,54111.82
415,002811,亚泰国际,0.78,10417.36,8092.62
416,300474,景嘉微,1.64,6408.9,10528.65
417,600061,国投安信,403.0,635.66,256173.2
418,601177,杭齿前进,0.31,2386.07,730.0
419,600322,天房发展,-2.62,14370.44,-37676.76
420,600860,*ST京城,1.37,-10823.9,-14878.76
421,002585,双星新材,1.48,9003.77,13302.27
422,603003,龙宇燃油,-0.53,-5193.35,2736.84
423,600088,中视传媒,-1.84,6773.07,-12477.78
424,603996,中新科技,1.06,11119.4,11761.84
425,000068,华控赛格,-0.27,-3720.14,997.52
426,600679,上海凤凰,6.04,876.03,5288.61
427,002472,双环传动,2.76,6729.57,18574.91
428,002535,林州重机,0.07,19924.12,1475.08
429,300308,中际装备,0.71,1424.09,1005.41
430,000005,世纪星源,-2.57,-4234.48,10865.74
431,600983,惠而浦,1.03,36265.9,37227.75
432,000048,康达尔,-0.66,-902.03,596.08
433,300228,富瑞特装,-1.28,23375.24,-29863.25
434,300098,高新兴,5.88,5374.26,31595.77
435,000768,中航飞机,1.18,35088.59,41313.34
436,300029,天龙光电,0.44,-13005.91,-5701.03
437,000702,正虹科技,-0.08,-2623.98,202.45
438,600828,茂业商业,2.78,20450.61,56802.79
439,600162,香江控股,3.59,19243.32,69029.22
440,600981,汇鸿集团,19.93,3330.33,66372.64
441,300446,乐凯新材,1.66,6524.06,10797.76
442,600415,小商品城,1.5,70746.63,106027.46
443,600773,西藏城投,1.02,7165.39,7338.2
444,300123,太阳鸟,0.3,6107.82,1827.0
445,300371,汇中股份,0.88,6008.69,5292.06
446,603007,花王股份,1.26,5705.83,7194.81
447,600644,乐山电力,-0.71,-29859.32,21147.2
448,600742,一汽富维,1.16,36851.03,42726.88
449,000712,锦龙股份,6.91,5287.64,36556.41
450,000548,湖南投资,5.5,1067.14,5868.3
451,300412,迦南科技,1.64,3471.94,5704.04
452,600393,粤泰股份,5.73,2532.01,14514.23
453,600843,上工申贝,1.81,7955.2,14423.13
454,000913,钱江摩托,24.24,1354.26,32824.46
455,600862,中航高科,26.42,277.94,7342.21
456,000669,金鸿能源,0.64,29985.89,19053.95
457,002214,大立科技,0.98,3387.03,3310.87
458,300641,正丹股份,7.06,1903.98,13444.99
459,000828,东莞控股,2.07,40019.79,82901.82
460,002204,大连重工,0.08,34453.55,2728.28
461,000803,*ST金宇,-14.49,425.38,-6163.91
462,600399,抚顺特钢,4.8,2318.94,11123.73
463,600560,金自天正,0.32,6253.78,1985.41
464,600172,黄河旋风,1.76,20954.96,36965.7
465,600853,龙建股份,1.7,1721.75,2930.72
466,600466,蓝光发展,39.76,2252.86,89577.36
467,000812,陕西金叶,0.48,7247.7,3492.67
468,600575,皖江物流,1.78,26527.58,47277.73
469,603816,顾家家居,1.42,40363.05,57505.15
470,002549,凯美特气,0.36,5882.38,2109.15
471,300432,富临精工,2.45,9346.8,22882.91
472,000990,诚志股份,2.13,5189.06,11078.01
473,300199,翰宇药业,2.25,12993.07,29192.47
474,600699,均胜电子,1.57,28900.86,45369.38
475,601137,博威合金,2.18,8402.77,18335.04
476,601599,XD鹿港文,13.53,1321.13,17868.39
477,000967,盈峰环境,4.63,5311.49,24578.99
478,600726,华电能源,10.41,1425.14,14841.01
479,603788,宁波高发,1.97,7961.77,15714.15
480,300576,容大感光,1.45,2356.26,3416.21
481,300326,凯利泰,2.48,6405.01,15884.09
482,002692,睿康股份,0.7,13090.09,9103.68
483,002540,亚太科技,2.01,14771.98,29677.22
484,600612,老凤祥,1.19,88985.47,105748.66
485,000570,苏常柴Ａ,0.83,7571.24,6253.99
486,600295,鄂尔多斯,0.36,73692.47,26563.17
487,002494,华斯股份,0.18,8423.28,1506.52
488,000568,泸州老窖,0.56,343782.29,192774.35
489,300055,万邦达,1.87,14054.6,26224.83
490,000751,锌业股份,0.03,417453.18,13439.62
491,600626,申达股份,1.01,19248.14,19418.48
492,600173,卧龙地产,1.23,6540.43,8074.36
493,603160,汇顶科技,3.34,25663.69,85682.4
494,002677,浙江美大,1.88,10767.73,20265.61
495,601928,凤凰传媒,1.24,94004.06,116979.92
496,002274,华昌化工,2.32,1319.26,3060.3
497,600081,XD东风科,0.68,17110.43,11666.72
498,000156,华数传媒,2.37,25391.7,60219.71
499,000739,普洛药业,1.57,16735.88,26289.71
500,000055,方大集团,8.15,8567.69,69795.64
501,000918,嘉凯城,6.98,5715.83,39883.1
502,601168,西部矿业,0.29,34981.72,9980.08
503,601238,广汽集团,2.36,266892.19,628821.59
504,000797,中国武夷,2.11,10411.5,21966.42
505,002831,裕同科技,3.11,28133.57,87481.6
506,000413,东旭光电,3.36,36929.73,123992.89
507,603002,宏昌电子,0.4,6731.05,2667.92
508,002757,南兴装备,1.33,5003.6,6640.38
509,601006,大秦铁路,0.56,1269154.02,716848.75
510,600962,国投中鲁,-0.01,-9366.79,90.0
511,600680,*ST上普,-30.32,1557.31,-47210.64
512,600307,酒钢宏兴,-0.04,-233847.75,8242.16
513,300243,瑞丰高材,0.63,2820.72,1781.12
514,600095,哈高科,0.46,3315.08,1537.73
515,600111,北方稀土,0.06,157418.61,9083.56
516,600708,光明地产,6.27,16133.16,101109.15
517,300636,同和药业,3.44,1688.36,5799.63
518,002246,北化股份,1.73,4852.11,8397.24
519,002133,广宇集团,0.69,21937.74,15140.13
520,002381,双箭股份,0.38,14362.61,5390.45
521,002528,英飞拓,-6.79,6198.76,-42083.11
522,600520,中发科技,1.83,674.65,1235.1
523,603689,皖天然气,0.96,9540.74,9195.64
524,603811,诚意药业,1.87,3649.76,6816.92
525,600380,健康元,1.65,27362.45,45141.52
526,600109,国金证券,4.1,31691.14,129873.05
527,600550,保变电气,-0.02,-523334.7,10912.81
528,603355,XD莱克电,1.58,31722.05,50144.39
529,600078,澄星股份,2.54,2362.38,6007.04
530,600428,中远海特,1.54,3263.88,5026.09
531,002187,广百股份,0.71,22213.91,15765.42
532,603050,科林电气,1.15,5773.03,6653.9
533,603699,纽威股份,0.47,47153.23,21948.36
534,601127,小康股份,1.4,36571.9,51351.69
535,002155,湖南黄金,0.7,20480.92,14350.25
536,600019,宝钢股份,1.54,581847.12,896551.41
537,300273,和佳股份,0.51,17413.78,8922.63
538,000524,岭南控股,0.89,3442.12,3061.49
539,000043,中航地产,0.35,46705.92,16139.09
540,002037,久联发展,0.3,20617.11,6193.75
541,600482,中国动力,9.22,11635.88,107324.9
542,600808,马钢股份,7.82,15722.02,122889.24
543,601933,永辉超市,1.72,72058.12,124200.57
544,002118,紫鑫药业,3.23,5048.03,16316.64
545,300402,宝色股份,-1.74,5738.12,-9961.51
546,000023,深天地Ａ,0.66,1503.15,995.22
547,601288,农业银行,1.11,16631500.0,18394100.0
548,300170,汉得信息,1.65,14606.24,24138.2
549,002635,安洁科技,2.72,14255.12,38710.92
550,002198,嘉应制药,0.4,13949.05,5517.2
551,002357,富临运业,1.39,6831.15,9485.58
552,002612,朗姿股份,0.7,23373.73,16401.58
553,002178,延华智能,1.18,3762.56,4446.38
554,600179,安通控股,37.99,1056.32,40129.28
555,002140,东华科技,0.35,23519.6,8180.02
556,000627,天茂集团,-17.61,-10101.1,177871.89
557,600435,北方导航,1.87,2291.33,4289.85
558,600015,华夏银行,1.27,1550600.0,1967700.0
559,600354,敦煌种业,-14.65,1733.74,-25403.86
560,601988,中国银行,1.05,15691100.0,16457800.0
561,600037,歌华有线,1.92,37674.62,72520.19
562,600170,上海建工,1.3,161809.0,209550.12
563,300094,国联水产,1.66,5648.68,9394.46
564,000410,*ST沈机,-73.51,1909.16,-140332.93
565,000861,海印股份,0.52,39762.34,20634.72
566,000700,模塑科技,0.86,21709.95,18617.31
567,600169,太原重工,-75.29,2550.47,-192031.2
568,601222,林洋能源,1.28,37151.48,47442.48
569,000917,电广传媒,0.69,48366.69,33314.18
570,601518,吉林高速,0.66,28906.74,19194.68
571,300403,地尔汉宇,1.62,11853.68,19156.6
572,600302,标准股份,5.22,1129.39,5895.36
573,300363,博腾股份,1.71,10020.14,17118.97
574,300269,联建光电,24.77,1626.69,40296.02
575,300457,赢合科技,2.46,5034.32,12387.15
576,000819,岳阳兴长,0.49,6245.35,3033.76
577,600796,钱江生化,1.07,3064.44,3283.21
578,002251,步 步 高,0.32,41545.05,13270.47
579,600076,康欣新材,7.37,5209.05,38387.39
580,600149,*ST坊展,0.49,-5062.89,-2479.42
581,002354,天神娱乐,49.36,1107.55,54673.41
582,002036,联创电子,12.43,1693.82,21047.95
583,600290,华仪电气,-1.09,4460.71,-4842.16
584,002119,康强电子,2.52,1728.55,4361.79
585,000631,顺发恒业,0.6,60983.75,36631.76
586,603558,健盛集团,1.37,7543.65,10362.3
587,601607,上海医药,1.43,224292.51,319639.46
588,002683,宏大爆破,0.38,16398.85,6263.27
589,600206,有研新材,24.84,192.83,4789.38
590,300557,理工光科,1.21,3609.4,4357.54
591,603123,翠微股份,0.84,13340.27,11210.58
592,002517,恺英网络,148.9,457.84,68174.26
593,600717,天津港,1.18,106743.2,126368.67
594,600896,览海投资,-23.28,1973.49,-45936.69
595,600582,天地科技,1.09,85269.37,93187.96
596,002490,*ST墨龙,3.49,-17572.22,-61247.64
597,002375,亚厦股份,0.36,89467.78,31929.39
598,600882,广泽股份,0.15,22081.39,3221.01
599,000952,广济药业,58.56,242.2,14183.92
600,002484,江海股份,1.15,12917.43,14904.66
601,600479,千金药业,1.21,12376.79,14942.87
602,000619,海螺型材,0.54,13954.02,7597.19
603,603718,海利生物,0.72,11878.95,8553.63
604,002370,亚太药业,22.86,548.02,12529.06
605,002680,长生生物,11.89,3573.62,42486.75
606,000567,海德股份,1.09,272.8,297.77
607,600515,海航基础,29.02,3307.2,95975.83
608,600540,*ST新赛,12.3,-3851.59,-47379.68
609,000676,智度股份,15.02,2104.3,31611.38
610,600225,*ST松江,1.57,-28911.95,-45500.02
611,600331,宏达股份,4.86,2644.96,12844.51
612,002598,山东章鼓,0.69,8141.24,5586.19
613,600613,神奇制药,1.63,11154.0,18205.98
614,002559,亚威股份,1.43,8178.64,11678.96
615,600155,宝硕股份,-0.2,69363.62,-14212.1
616,002044,美年健康,-54.36,-623.47,33891.04
617,002553,南方轴承,1.53,4719.49,7228.0
618,600816,安信信托,10.85,27960.18,303394.74
619,002017,东信和平,1.86,4397.4,8171.16
620,000598,兴蓉环境,1.17,74551.85,87421.51
621,002421,达实智能,3.35,8229.42,27549.54
622,002123,梦网荣信,3.38,7584.35,25613.32
623,600028,中国石化,0.69,6717900.0,4641600.0
624,002057,中钢天源,1.61,2130.76,3437.69
625,300006,莱美药业,0.11,6080.86,698.11
626,600633,浙数文化,1.49,41165.83,61163.22
627,002454,松芝股份,0.98,23951.84,23413.83
628,600987,航民股份,1.32,41110.7,54281.05
629,300046,台基股份,0.96,4017.24,3854.35
630,000534,万泽股份,0.5,15150.71,7619.02
631,000698,沈阳化工,9.21,3697.0,34049.22
632,002562,兄弟科技,9.1,1842.88,16766.84
633,002666,德联集团,0.88,15985.07,14055.28
634,603322,超讯通信,1.76,1716.47,3029.06
635,600067,冠城大通,0.25,127777.53,32151.71
636,000691,ST亚太,0.51,262.63,134.63
637,600110,诺德股份,4.79,552.74,2648.22
638,000564,供销大集,6.31,6365.98,40140.11
639,002397,梦洁股份,0.99,9868.43,9727.28
640,600993,马应龙,1.34,18632.44,25024.39
641,002335,科华恒盛,1.51,11396.75,17156.71
642,300570,太辰光,1.38,7342.01,10139.68
643,002108,沧州明珠,3.26,14935.56,48731.95
644,600339,中油工程,238.34,540.22,128753.91
645,600395,盘江股份,0.41,47978.89,19602.28
646,300318,博晖创新,0.43,5425.67,2359.92
647,300395,菲利华,1.56,6914.66,10803.11
648,000062,深圳华强,1.03,41201.42,42586.09
649,002662,京威股份,2.0,31703.11,63545.18
650,600676,交运股份,1.02,30037.79,30767.04
651,600531,豫光金铅,-0.35,-49865.95,17642.22
652,300443,金雷风电,4.0,5246.6,20988.36
653,300548,博创科技,1.92,3537.36,6790.59
654,601968,宝钢包装,0.08,12761.02,988.51
655,601377,兴业证券,3.04,67294.07,204632.14
656,002389,南洋科技,3.49,3519.92,12277.68
657,000009,中国宝安,0.8,29240.0,23338.39
658,600016,民生银行,1.13,4227800.0,4784300.0
659,002100,天康生物,2.31,16979.74,39254.14
660,300448,浩云科技,1.67,5204.31,8716.01
661,002387,黑牛食品,1.8,1457.08,2618.54
662,000668,荣丰控股,-23.15,176.82,-4093.56
663,002073,软控股份,-6.12,12613.45,-77139.42
664,002420,毅昌股份,-0.35,-5515.22,1920.52
665,601028,玉龙股份,-4.31,14873.92,-64034.97
666,600872,中炬高新,1.7,21283.78,36236.93
667,300043,星辉娱乐,3.41,13425.6,45802.77
668,300266,兴源环境,8.6,2160.14,18578.17
669,000971,高升控股,-7.2,-1542.06,11104.25
670,000590,启迪古汉,-0.34,-16445.05,5517.52
671,300107,建新股份,0.63,3613.33,2275.28
672,600731,湖南海利,1.81,782.36,1415.5
673,002275,桂林三金,0.94,42026.79,39366.0
674,600218,全柴动力,2.75,3455.13,9489.14
675,000593,大通燃气,-1.41,3909.89,-5508.43
676,000993,闽东电力,0.43,6148.88,2633.05
677,600191,华资实业,1.45,687.16,993.96
678,600178,东安动力,-0.14,-55709.63,7854.68
679,600995,文山电力,1.23,12951.37,15937.56
680,600240,华业资本,2.43,50041.91,121849.87
681,002439,启明星辰,2.17,12239.55,26517.19
682,300031,宝通科技,1.38,10214.62,14072.57
683,000835,长城动漫,-13.66,590.11,-8063.21
684,600080,金花股份,0.6,4559.44,2729.91
685,000059,华锦股份,-11.62,-15517.83,180324.35
686,300012,华测检测,0.68,14964.52,10153.79
687,002221,东华能源,3.76,12503.59,46988.11
688,300050,世纪鼎利,-1.73,-6923.6,11993.82
689,600856,中天能源,25.05,1735.9,43484.17
690,603568,伟明环保,1.92,17096.72,32855.79
691,300106,西部牧业,-1.92,2717.7,-5221.47
692,002024,苏宁云商,1.89,37177.0,70441.4
693,601798,蓝科高新,-1.65,8330.88,-13737.96
694,002253,川大智胜,0.57,6839.86,3889.1
695,300638,广和通,5.91,682.59,4032.15
696,002544,杰赛科技,1.1,9698.58,10644.69
697,600182,S佳通,0.53,28262.54,15115.83
698,600390,五矿资本,157.83,986.51,155705.79
699,000878,云南铜业,-0.14,-149611.64,20342.72
700,300005,探路者,0.67,24880.38,16560.51
701,002258,利尔化学,2.0,10408.86,20834.73
702,603636,南威软件,0.65,7949.46,5147.47
703,000026,飞亚达Ａ,0.85,13012.51,11066.27
704,300532,今天国际,0.93,5874.14,5464.03
705,600861,北京城乡,0.95,9301.89,8872.59
706,600120,浙江东方,1.09,60832.95,66129.92
707,002836,新宏泽,0.73,6853.89,5031.07
708,300522,世名科技,1.63,3965.17,6465.12
709,002376,新北洋,1.0,22704.3,22712.66
710,600692,亚通股份,1.8,2612.39,4712.12
711,300195,长荣股份,0.95,14300.73,13564.82
712,300368,汇金股份,0.83,5499.48,4573.67
713,002054,德美化工,1.29,11529.74,14832.93
714,000681,视觉中国,48.14,445.87,21465.92
715,600867,通化东宝,3.48,18391.34,64092.34
716,000423,东阿阿胶,1.54,120287.82,185247.35
717,300049,福瑞股份,24.68,490.54,12104.79
718,002111,威海广泰,1.8,9360.73,16853.96
719,600271,航天信息,1.41,109253.42,153593.98
720,000777,中核科技,1.64,6428.25,10542.27
721,603085,天成自控,1.46,2410.83,3522.13
722,603698,XD航天工,0.72,22833.78,16386.18
723,300212,易华录,1.5,9428.76,14110.56
724,600230,沧州大化,3.02,12275.53,37106.39
725,300485,赛升药业,1.61,16078.89,25840.59
726,300573,兴齐眼药,1.18,4609.73,5427.93
727,603726,朗迪集团,1.23,5455.1,6715.53
728,002800,天顺股份,1.12,3170.63,3543.48
729,603909,合诚股份,1.22,4727.5,5784.35
730,603861,白云电器,1.21,13328.66,16150.98
731,603677,奇精机械,1.39,6324.82,8817.54
732,603608,天创时尚,1.13,10405.44,11727.88
733,603603,博天环境,1.72,8351.19,14374.19
734,603598,引力传媒,0.52,6349.08,3303.19
735,603416,信捷电气,1.6,6243.18,10019.03
736,603366,日出东方,0.79,30789.09,24381.51
737,603299,井神股份,0.17,13473.43,2295.45
738,603090,宏盛股份,1.1,3615.99,3985.13
739,603016,新宏泰,0.94,7017.94,6594.45
740,603010,万盛股份,2.54,5883.13,14951.75
741,601998,中信银行,1.06,3917500.0,4162900.0
742,601989,中国重工,0.24,293537.8,69803.36
743,601965,中国汽研,0.81,42218.19,34184.23
744,601919,中远海控,-42.07,23546.99,-990600.36
745,601899,紫金矿业,0.87,212535.38,183979.88
746,601857,中国石油,0.06,12957700.0,790000.0
747,601818,光大银行,1.14,2671500.0,3032900.0
748,601808,XD中海油,-1.71,671596.71,-1145618.63
749,601717,郑煤机,0.07,86671.24,6199.74
750,601677,明泰铝业,4.53,5943.2,26917.75
751,601666,平煤股份,1.13,66676.29,75325.5
752,601608,中信重工,-3.17,49971.03,-158393.73
753,601555,东吴证券,3.92,38263.62,149828.85
754,601328,交通银行,1.08,6229500.0,6721000.0
755,601155,新城控股,2.57,117432.86,301922.85
756,601088,中国神华,0.5,4567800.0,2271200.0
757,601069,西部黄金,1.04,12145.19,12654.97
758,601001,大同煤业,-0.13,-140060.3,18571.19
759,600969,郴电国际,0.79,12657.27,10021.36
760,600900,长江电力,2.29,907074.11,2078118.26
761,600890,中房股份,-2.83,1482.92,-4201.88
762,600875,东方电气,-0.76,234943.16,-178430.68
763,600846,同济科技,1.13,16058.93,18161.26
764,600836,界龙实业,-1.03,1064.6,-1098.34
765,600829,人民同泰,34.74,646.21,22450.99
766,600795,国电电力,0.75,627915.61,472728.37
767,600740,山西焦化,2.55,1734.89,4421.64
768,600739,辽宁成大,1.12,84640.59,94780.41
769,600738,兰州民百,0.57,11044.42,6243.88
770,600734,实达集团,25.1,732.14,18375.08
771,600733,S*ST前锋,-0.85,3909.67,-3340.21
772,600727,鲁北化工,2.13,1417.02,3015.84
773,600725,ST云维,40.05,3856.55,154456.34
774,600718,东软集团,4.5,41093.87,185097.72
775,600701,工大高新,6.17,1241.98,7658.02
776,600688,上海石化,2.97,200354.5,595557.6
777,600673,东阳光科,0.75,14616.44,10948.39
778,600671,天目药业,0.58,210.84,121.72
779,600666,奥瑞德,14.21,3274.58,46531.88
780,600657,XD信达地,1.25,70389.92,88099.54
781,600655,豫园商城,0.49,98084.85,47884.45
782,600648,外高桥,1.33,54451.39,72255.32
783,600643,爱建集团,1.31,47525.47,62050.08
784,600628,新世界,1.04,24322.66,25272.05
785,600619,海立股份,1.69,10412.92,17616.36
786,600616,金枫酒业,0.58,11686.35,6729.55
787,600609,金杯汽车,-11.79,1767.25,-20841.52
788,600603,广汇物流,2.01,12311.12,24687.11
789,600590,泰豪科技,8.44,1467.4,12382.92
790,600579,天华院,-0.15,-4150.94,627.99
791,600569,安阳钢铁,2.37,5205.04,12323.71
792,600568,中珠医疗,4.71,6243.03,29417.41
793,600559,老白干酒,1.69,6555.97,11084.33
794,600556,ST慧球,-0.81,3264.48,-2635.89
795,600527,江南高纤,0.11,23899.35,2744.91
796,600513,联环药业,1.64,3832.61,6269.02
797,600507,方大特钢,1.18,56277.03,66583.73
798,600490,鹏欣资源,0.52,9879.65,5149.29
799,600488,天药股份,1.23,5192.57,6380.57
800,600485,信威集团,103.15,1480.39,152695.92
801,600468,百利电气,1.58,3378.46,5325.52
802,600462,九有股份,0.94,719.7,673.78
803,600460,士兰微,0.83,11526.77,9589.14
804,600369,西南证券,1.46,63032.88,91757.27
805,600358,国旅联合,-15.59,1046.17,-16310.36
806,600353,旭光股份,0.5,8671.75,4357.53
807,600323,瀚蓝环境,2.17,23387.81,50856.75
808,600318,新力金融,1.52,10705.24,16265.56
809,600289,亿阳信通,1.54,8431.38,12981.65
810,600277,亿利洁能,1.02,25230.31,25843.43
811,600252,中恒集团,0.66,74251.59,48935.67
812,600210,紫江企业,0.98,22792.12,22388.6
813,600197,伊力特,1.01,27274.86,27680.13
814,600193,创兴资源,-1.53,8337.79,-12790.88
815,600165,新日恒力,-17.34,1107.43,-19202.07
816,600146,商赢环球,-0.31,-9200.56,2890.86
817,600136,当代明诚,103.48,118.07,12218.42
818,600116,三峡水利,2.22,10420.28,23130.72
819,600100,同方股份,6.36,67695.12,430232.93
820,600053,九鼎投资,24.56,2557.06,62794.41
821,600051,宁波联合,2.48,6002.76,14859.95
822,600050,中国联通,0.04,344285.38,15407.41
823,600029,南方航空,2.67,189500.0,505500.0
824,600009,上海机场,1.5,187285.46,280565.07
825,600006,东风汽车,4.36,5018.26,21885.45
826,300612,宣亚国际,4.68,1253.43,5871.01
827,300543,朗科智能,1.81,4229.75,7658.08
828,300520,科大国创,1.33,4296.09,5692.74
829,300518,盛讯达,1.31,7605.49,9967.39
830,300510,金冠电气,1.38,4094.51,5636.68
831,300500,启迪设计,1.05,5947.55,6218.68
832,300497,富祥股份,3.86,4507.27,17390.94
833,300486,东杰智能,-0.92,5316.15,-4904.94
834,300472,新元科技,0.49,3333.73,1619.69
835,300467,迅游科技,0.85,4585.91,3911.51
836,300466,赛摩电气,1.32,4281.27,5645.56
837,300462,华铭智能,0.99,4915.42,4857.38
838,300440,运达科技,1.43,9403.19,13459.64
839,300427,红相电力,1.39,5307.38,7381.59
840,300423,鲁亿通,0.75,3302.98,2476.46
841,300414,中光防雷,1.24,4660.7,5777.35
842,300413,快乐购,0.36,18487.64,6652.81
843,300396,迪瑞医疗,1.34,9360.78,12513.62
844,300367,东方网力,3.29,10187.09,33471.07
845,300364,中文在线,0.78,4487.39,3504.47
846,300349,金卡智能,0.75,11642.32,8760.84
847,300348,长亮科技,4.66,2174.72,10125.29
848,300345,红宇新材,0.41,2221.83,913.54
849,300333,兆日科技,0.38,5086.2,1910.26
850,300331,苏大维格,2.3,1376.17,3163.92
851,300315,掌趣科技,3.31,15361.94,50858.58
852,300313,天山生物,-14.52,961.58,-13962.98
853,300312,邦讯技术,-0.34,-5839.46,1968.18
854,300301,长方集团,-2.28,2748.65,-6274.47
855,300298,三诺生物,0.7,16530.63,11519.83
856,300297,蓝盾股份,10.1,3196.33,32289.49
857,300291,华录百纳,3.07,12336.58,37845.78
858,300289,利德曼,0.63,11007.2,6964.86
859,300278,华昌达,6.78,1719.01,11647.07
860,300268,万福生科,-0.03,-18776.92,587.97
861,300267,尔康制药,5.32,19292.94,102643.45
862,300252,金信诺,8.41,2323.27,19543.69
863,300248,新开普,3.44,2469.6,8485.02
864,300234,开尔新材,0.57,5002.2,2845.57
865,300207,欣旺达,5.55,8103.2,44993.0
866,300201,海伦哲,15.91,555.55,8838.28
867,300198,纳川股份,0.7,9175.63,6386.81
868,300168,万达信息,1.62,14671.32,23827.32
869,300163,先锋新材,3.1,2188.46,6792.31
870,300161,华中数控,1.32,1005.6,1331.83
871,300152,科融环境,-2.85,4634.0,-13184.07
872,300151,昌红科技,0.89,3544.69,3150.2
873,300149,量子高科,1.64,3973.18,6498.1
874,300148,天舟文化,11.98,2032.4,24356.9
875,300134,大富科技,2.25,5531.4,12466.69
876,300116,坚瑞沃能,87.94,482.79,42455.15
877,300109,新开源,3.97,2016.51,8003.98
878,300108,双龙股份,6.86,2716.12,18636.13
879,300104,乐视网,2.18,25500.97,55475.92
880,300100,双林股份,3.18,10264.1,32675.31
881,300095,华伍股份,0.7,6611.06,4642.77
882,300093,金刚玻璃,0.4,1167.84,468.38
883,300089,文化长城,38.0,359.97,13679.72
884,300088,长信科技,1.32,26352.99,34709.78
885,300087,荃银高科,3.97,773.69,3067.72
886,300080,易成新能,0.27,7569.18,2055.72
887,300065,海兰信,6.9,1188.72,8198.35
888,300063,天龙集团,9.88,1440.41,14234.46
889,300057,万顺股份,0.52,14435.46,7569.34
890,300022,吉峰农机,-0.08,-14413.35,1176.04
891,300014,亿纬锂能,1.57,16073.83,25181.52
892,002857,三晖电气,1.46,2745.25,4007.81
893,002796,世嘉科技,0.94,5173.4,4861.83
894,002787,华源控股,1.55,6933.44,10752.09
895,002766,索菱股份,1.23,6226.48,7654.18
896,002742,三圣股份,1.15,10254.94,11791.47
897,002695,煌上煌,0.73,12160.24,8820.01
898,002694,顾地科技,0.43,9233.33,3978.18
899,002693,双成药业,-5.82,6677.19,-38841.06
900,002684,猛狮科技,-5.75,-1634.53,9397.69
901,002682,龙洲股份,0.7,7230.22,5031.25
902,002675,东诚药业,1.3,10084.95,13095.26
903,002650,加加食品,0.93,16188.05,15009.84
904,002640,跨境通,12.5,3149.07,39376.82
905,002638,勤上股份,-4.11,10399.35,-42747.65
906,002629,仁智股份,0.74,3315.75,2452.35
907,002625,光启技术,2.11,3127.82,6594.25
908,002622,融钰集团,0.41,3867.15,1567.17
909,002619,巨龙管业,7.27,2945.02,21416.15
910,002600,江粉磁材,13.6,1721.35,23406.83
911,002596,海南瑞泽,1.81,3880.97,7021.65
912,002586,围海股份,0.97,9638.76,9306.21
913,002580,圣阳股份,2.93,1838.14,5386.3
914,002576,通达动力,0.48,1017.83,484.47
915,002569,步森股份,1.09,606.63,659.96
916,002558,巨人网络,211.77,504.77,106893.7
917,002547,春兴精工,5.2,3145.79,16345.32
918,002505,大康农业,26.7,285.51,7622.33
919,002499,科林环保,1.44,1339.7,1929.72
920,002498,汉缆股份,0.96,43383.01,41677.43
921,002486,嘉麟杰,0.12,9861.83,1185.84
922,002473,*ST圣莱,-13.42,258.85,-3473.86
923,002471,中超控股,0.68,16500.83,11194.66
924,002469,三维工程,0.1,12161.25,1176.7
925,002447,壹桥股份,1.82,16253.11,29567.89
926,002442,龙星化工,1.58,1951.05,3081.87
927,002427,尤夫股份,9.84,1712.96,16861.62
928,002426,胜利精密,3.72,11551.32,42942.11
929,002418,康盛股份,13.0,1467.5,19081.48
930,002417,三元达,0.8,-13202.5,-10543.58
931,002409,雅克科技,0.86,7868.14,6784.09
932,002407,多氟多,29.21,1635.89,47776.48
933,002402,和而泰,3.4,3517.49,11966.04
934,002399,海普瑞,1.25,31733.48,39689.17
935,002385,大北农,1.15,76913.24,88268.19
936,002372,伟星新材,2.12,31567.3,67070.35
937,002369,卓翼科技,0.19,8957.5,1682.0
938,002358,森源电气,1.27,25982.03,33055.74
939,002356,赫美集团,6.46,2156.29,13924.24
940,002348,高乐股份,0.65,6516.41,4254.67
941,002339,积成电子,0.69,11414.72,7898.45
942,002331,皖通科技,1.09,7076.38,7687.27
943,002330,得利斯,0.21,4204.66,903.17
944,002312,*ST三泰,-15.06,8657.03,-130383.54
945,002303,美盈森,1.28,17407.03,22339.71
946,002280,联络互动,-8.54,-4140.39,35363.09
947,002269,美邦服饰,0.09,40547.64,3615.86
948,002267,陕天然气,1.51,33772.94,50853.57
949,002264,新 华 都,-0.23,-23627.81,5438.36
950,002260,德奥通航,0.26,2006.73,514.21
951,002256,兆新股份,1.92,6045.1,11593.49
952,002255,海陆重工,0.73,10259.37,7535.26
953,002252,上海莱士,11.22,14379.46,161315.36
954,002240,威华股份,2.44,957.81,2340.58
955,002180,纳思达,15.77,387.22,6107.51
956,002175,东方网络,5.63,1087.1,6117.07
957,002168,深圳惠程,2.13,3565.91,7591.25
958,002163,中航三鑫,-0.02,-51174.31,946.25
959,002162,悦心健康,0.79,2160.15,1702.63
960,002148,北纬通信,1.4,5630.66,7883.05
961,002147,新光圆成,-43.92,-3483.15,152965.62
962,002143,印纪传媒,-30.21,-2419.44,73095.49
963,002141,贤丰控股,0.99,848.17,843.42
964,002129,中环股份,5.61,7164.27,40200.63
965,002122,天马股份,-8.12,3103.93,-25216.16
966,002113,天润数娱,16.74,323.31,5411.31
967,002101,广东鸿图,1.84,9008.51,16608.65
968,002098,浔兴股份,1.96,6061.04,11849.59
969,002082,栋梁新材,0.63,11155.76,6973.56
970,002076,雪 莱 特,2.51,1612.99,4050.39
971,002075,沙钢股份,7.79,2824.38,21999.55
972,002048,宁波华翔,2.08,34318.22,71388.56
973,002033,丽江旅游,1.51,14780.5,22382.36
974,002025,航天电器,1.49,17565.14,26106.72
975,002013,中航机电,1.39,41858.93,58314.09
976,002006,精功科技,-0.32,-19805.86,6285.68
977,000983,西山煤电,0.41,105616.28,43407.65
978,000979,中弘股份,0.72,21865.79,15704.85
979,000953,*ST河化,-4.73,2995.62,-14176.06
980,000936,华西股份,13.49,4481.73,60445.1
981,000935,四川双马,1.23,6846.16,8453.89
982,000927,一汽夏利,-0.34,-47991.67,16232.7
983,000919,金陵药业,1.16,15589.03,18015.13
984,000916,华北高速,1.11,26962.3,30001.0
985,000889,茂业通信,2.37,9290.38,21995.41
986,000885,同力水泥,0.64,6637.69,4269.42
987,000862,银星能源,-0.07,-14806.56,1103.02
988,000860,顺鑫农业,2.09,19765.43,41256.88
989,000839,中信国安,1.76,13050.05,23020.17
990,000838,财信发展,1.86,5972.63,11130.79
991,000836,鑫茂科技,3.45,1376.55,4744.71
992,000825,太钢不锈,1.82,62973.64,114565.52
993,000798,中水渔业,0.66,5430.68,3565.68
994,000735,罗 牛 山,2.82,2834.99,7988.14
995,000733,振华科技,1.82,9949.61,18150.27
996,000727,华东科技,2.28,1034.96,2359.7
997,000718,苏宁环球,2.2,48722.28,107119.48
998,000682,东方电子,1.64,3648.49,5972.58
999,000673,当代东方,78.39,226.39,17747.05
1000,000662,天夏智慧,-5.17,-6257.77,32349.9
1001,000656,金科股份,1.42,98407.15,139526.03
1002,000637,茂化实华,1.27,4827.42,6140.64
1003,000612,焦作万方,0.38,26294.12,9922.36
1004,000611,天首发展,0.45,1139.87,512.89
1005,000573,粤宏远Ａ,1.68,11718.04,19716.65
1006,000560,昆百大Ａ,1.06,7499.81,7916.58
1007,000557,西部创业,2.33,358.2,833.95
1008,000552,靖远煤电,0.52,42844.23,22171.86
1009,000540,中天金融,2.72,108125.28,293936.93
1010,000518,四环生物,-0.06,-7071.3,447.29
1011,000517,荣安地产,0.33,45451.28,14893.44
1012,000506,中润资源,0.05,19360.41,878.93
1013,000503,海虹控股,2.16,1297.82,2802.12
1014,000488,晨鸣纸业,2.9,71065.53,206398.68
1015,000301,东方市场,0.45,33007.89,14737.93
1016,000153,丰原药业,1.68,2734.66,4583.63
1017,000100,TCL 集团,0.76,210906.71,160212.6
1018,000099,中信海直,0.45,19218.97,8592.95
1019,000038,深大通,117.21,199.0,23325.44
1020,000035,中国天楹,0.19,113154.7,21172.45
1021,000025,特 力Ａ,3.94,690.07,2719.36
1022,000021,深科技,0.93,22993.12,21442.35
1023,000020,深华发Ａ,-0.84,-651.74,545.77
1024,000008,神州高铁,22.93,2275.8,52186.62
1025,603833,欧派家居,3.96,23949.73,94956.21
1026,603626,科森科技,4.43,4263.5,18889.59
1027,603038,华立股份,1.45,6809.53,9899.13
1028,600211,西藏药业,7.3,2715.32,19828.95
1029,603520,司太立,1.2,6365.77,7612.15
1030,002151,北斗星通,1.2,4316.05,5168.3
1031,603421,鼎信通讯,1.25,24921.53,31091.17
1032,002324,普利特,1.41,19728.6,27794.21
1033,603060,国检集团,1.49,7784.18,11577.34
1034,002714,牧原股份,7.64,30382.95,232189.87
1035,600702,沱牌舍得,6.81,1177.42,8019.9
1036,000504,南华生物,1.58,1380.15,2175.61
1037,300444,双杰电气,1.44,6727.06,9696.18
1038,300338,开元股份,0.12,4781.43,589.16
1039,300286,安科瑞,1.26,6371.3,8012.96
1040,600835,上海机电,1.54,94383.35,144909.1
1041,600629,华建集团,17.39,1388.11,24139.62
1042,600345,长江通信,-0.81,-7883.03,6353.15
1043,603199,九华旅游,1.18,6284.27,7404.43
1044,603198,迎驾贡酒,1.62,42224.8,68300.66
1045,600783,鲁信创投,1.7,21891.79,37230.9
1046,300281,金明精机,0.59,5508.01,3266.74
1047,002353,杰瑞股份,0.12,98519.13,12067.41
1048,002222,福晶科技,1.79,3923.55,7032.99
1049,000786,北新建材,1.29,90550.98,117106.86
1050,603385,惠达卫浴,2.25,9357.28,21014.67
1051,300254,仟源医药,1.11,2711.24,3014.77
1052,002295,精艺股份,2.57,357.75,918.43
1053,300091,金通灵,18.23,254.6,4640.54
1054,002286,保龄宝,1.18,4193.11,4934.27
1055,600687,刚泰控股,5.55,8940.95,49606.71
1056,600378,天科股份,0.36,7463.04,2711.12
1057,300538,同益股份,0.69,4043.59,2791.25
1058,600074,保千里,3.36,23796.33,79948.49
1059,300051,三五互联,4.14,1375.61,5688.85
1060,002009,天奇股份,2.43,4273.67,10394.01
1061,002367,康力电梯,1.53,27777.03,42406.83
1062,002792,通宇通讯,3.07,6816.28,20906.07
1063,002293,罗莱生活,0.96,33215.47,31729.69
1064,002020,京新药业,3.29,6434.82,21194.63
1065,002090,金智科技,1.85,5907.24,10918.75
1066,600715,文投控股,-22.01,-2731.27,60108.64
1067,002577,雷柏科技,0.54,3333.07,1793.53
1068,000785,武汉中商,0.05,4246.81,204.11
1069,000028,国药一致,2.28,52048.82,118660.19
1070,603040,新坐标,1.5,3703.93,5547.94
1071,603023,威帝股份,1.28,7091.39,9068.38
1072,600196,复星医药,1.38,202705.77,280583.71
1073,000597,东北制药,-0.14,-16696.27,2378.81
1074,002297,博云新材,-0.18,-3528.29,629.17
1075,002637,赞宇科技,2.67,5685.48,15179.28
1076,603258,电魂网络,0.84,30393.45,25609.18
1077,603658,安图生物,2.82,12407.52,34975.81
1078,002345,潮宏基,1.33,17592.29,23363.62
1079,002081,金 螳 螂,1.08,156360.52,168338.94
1080,002109,兴化股份,0.46,6103.47,2808.24
1081,600089,特变电工,1.65,132837.58,219034.82
1082,600356,恒丰纸业,1.28,7370.16,9467.0
1083,600500,中化国际,0.09,60853.37,5724.65
1084,600216,浙江医药,1.0,45209.52,45010.2
1085,002500,山西证券,1.81,25858.09,46768.56
1086,002756,永兴特钢,1.09,23173.18,25360.5
1087,300351,永贵电器,2.48,6508.13,16138.0
1088,002211,宏达新材,-0.01,-87630.61,1103.87
1089,600548,深高速,1.62,71969.16,116935.32
1090,002121,科陆电子,3.16,8592.69,27179.54
1091,002319,乐通股份,0.04,2088.85,88.17
1092,600262,北方股份,0.15,11831.28,1737.09
1093,601198,东兴证券,2.02,66849.4,135292.93
1094,002522,浙江众成,1.41,7323.68,10339.52
1095,002614,奥佳华,2.41,10434.74,25103.05
1096,002328,新朋股份,2.05,4661.86,9540.76
1097,603566,普莱柯,1.15,16286.21,18800.21
1098,002135,东南网架,0.81,6046.75,4912.46
1099,600596,新安股份,0.18,43530.87,7755.98
1100,000514,渝 开 发,0.97,12648.29,12266.15
1101,000899,赣能股份,0.86,44083.26,37823.58
1102,002015,霞客环保,0.12,-34956.88,-4124.19
1103,002665,首航节能,0.97,15954.91,15503.59
1104,000833,贵糖股份,-0.37,-10612.59,3873.81
1105,000757,浩物股份,0.48,5506.66,2631.98
1106,002250,联化科技,0.59,44955.91,26385.21
1107,000778,新兴铸管,0.43,103129.78,44022.21
1108,600748,上实发展,1.36,43504.08,59186.03
1109,600667,太极实业,18.67,1245.68,23252.08
1110,002391,长青股份,0.84,19254.61,16264.59
1111,002039,黔源电力,-1.31,-9910.07,12961.37
1112,000419,通程控股,0.67,15173.5,10224.85
1113,601208,东材科技,0.62,6756.08,4167.94
1114,300074,华平股份,0.69,10239.31,7072.15
1115,600115,东方航空,1.9,237603.7,450800.0
1116,300388,国祯环保,2.25,5772.79,12981.83
1117,002314,南山控股,13.95,3776.91,52699.71
1118,002686,亿利达,1.36,8789.61,11985.02
1119,600112,*ST天成,-13.6,727.89,-9895.96
1120,002542,中化岩土,3.52,7070.32,24854.8
1121,603311,金海环境,1.77,3996.22,7078.68
1122,002487,大金重工,1.96,3646.42,7138.45
1123,600026,中远海能,-0.84,-229840.08,192251.27
1124,600583,海油工程,0.48,274423.68,131530.71
1125,002152,广电运通,1.2,70507.64,84397.21
1126,002107,沃华医药,4.6,1062.13,4880.94
1127,000520,长航凤凰,-0.0,-451458.47,971.63
1128,002405,四维图新,1.49,10532.65,15656.91
1129,000937,冀中能源,0.21,118400.38,24397.57
1130,601098,中南传媒,1.62,111064.53,180471.29
1131,600749,西藏旅游,-12.18,780.77,-9512.41
1132,002062,宏润建设,1.3,17922.62,23299.46
1133,600751,天海投资,-2.47,-13023.93,32150.8
1134,600824,益民集团,0.91,16503.66,15083.62
1135,000715,中兴商业,0.83,10664.49,8867.11
1136,000671,阳 光 城,1.89,65168.51,123005.98
1137,600705,中航资本,2.75,84431.51,232414.49
1138,300445,康斯特,1.42,3108.71,4408.01
1139,300406,九强生物,1.5,18063.74,27164.61
1140,600481,双良节能,0.31,52049.71,16136.0
1141,000090,天健集团,1.18,37843.49,44651.81
1142,002523,天桥起重,3.87,2761.49,10698.65
1143,000750,国海证券,3.29,30874.59,101551.17
1144,002181,粤 传 媒,0.62,30800.62,18953.67
1145,600649,城投控股,1.52,137864.54,209474.29
1146,300476,胜宏科技,2.62,8853.14,23207.12
1147,600976,健民集团,0.67,9590.35,6465.56
1148,002527,新时达,1.03,16610.9,17114.37
1149,000010,美丽生态,12.7,314.01,3987.71
1150,600526,菲达环保,1.11,4009.9,4443.16
1151,002010,传化智联,3.36,17267.88,58098.54
1152,601012,隆基股份,21.81,7093.18,154723.58
1153,000428,华天酒店,-2.42,11925.76,-28854.88
1154,000666,经纬纺机,0.92,59177.83,54455.25
1155,002721,金一文化,1.68,10382.89,17406.5
1156,002237,恒邦股份,0.87,23381.12,20331.51
1157,002094,青岛金王,3.42,5420.57,18533.78
1158,600215,长春经开,0.95,812.86,771.67
1159,300016,北陆药业,0.25,6597.17,1637.95
1160,603020,爱普股份,1.27,15017.29,19082.85
1161,600617,国新能源,1.21,30785.19,37152.23
1162,601398,工商银行,1.06,26264900.0,27824900.0
1163,000561,烽火电子,2.89,3053.03,8824.01
1164,600238,海南椰岛,-0.26,13545.55,-3525.01
1165,300633,开立医疗,1.82,7064.91,12892.82
1166,000966,长源电力,1.36,29259.13,39880.35
1167,000563,陕国投Ａ,1.65,31307.61,51523.76
1168,600117,西宁特钢,-0.97,-7122.63,6940.74
1169,000883,湖北能源,2.02,94375.53,190896.55
1170,002201,九鼎新材,2.73,175.69,479.15
1171,600831,广电网络,0.97,13704.74,13327.37
1172,600674,川投能源,2.57,136642.72,351649.4
1173,002304,洋河股份,1.16,500207.18,582716.89
1174,603178,圣龙股份,1.9,4264.79,8092.85
1175,601888,DR中国国,1.4,129459.61,180819.05
1176,600561,江西长运,-0.72,13564.12,-9763.67
1177,002584,西陇科学,1.99,4860.75,9678.96
1178,600223,鲁商置业,0.35,26402.64,9237.21
1179,002425,凯撒文化,5.99,2540.02,15205.59
1180,600409,三友化工,1.71,44516.96,76286.0
1181,002228,合兴包装,1.09,9465.41,10293.65
1182,600958,东方证券,2.3,100742.19,231397.49
1183,603017,中衡设计,1.42,8506.94,12114.74
1184,002604,龙力生物,1.62,7234.2,11747.32
1185,002341,新纶科技,0.46,10846.21,5014.69
1186,000001,平安银行,1.48,1523100.0,2259900.0
1187,600243,青海华鼎,-4.32,1529.37,-6605.2
1188,002772,众兴菌业,2.9,5475.04,15851.03
1189,002176,江特电机,3.47,5688.08,19729.7
1190,002611,东方精工,1.7,5613.0,9565.79
1191,601333,广深铁路,0.91,127383.94,115825.38
1192,601218,吉鑫科技,5.88,1997.22,11740.71
1193,000017,深中华A,0.0,157522.39,260.36
1194,000006,深振业Ａ,1.12,69608.58,77858.09
1195,002459,天业通联,-0.05,-42919.58,2011.21
1196,600148,长春一东,0.41,2946.32,1216.04
1197,300429,强力新材,2.03,5726.39,11601.56
1198,600833,第一医药,1.34,3426.68,4603.42
1199,601139,深圳燃气,1.09,70701.06,77200.96
1200,002532,新界泵业,0.96,12116.92,11664.82
1201,603828,柯利达,0.5,9693.81,4841.01
1202,600256,广汇能源,0.27,75108.01,20559.88
1203,002511,中顺洁柔,2.25,11593.52,26041.66
1204,000713,丰乐种业,0.38,5576.84,2138.38
1205,601918,新集能源,16.21,1491.44,24173.64
1206,002238,天威视讯,2.11,14321.89,30263.41
1207,600141,兴发集团,1.68,6076.08,10201.76
1208,002400,省广股份,2.13,28755.74,61124.64
1209,002668,奥马电器,1.52,19570.32,29804.49
1210,002116,中国海诚,0.84,15947.27,13427.28
1211,002698,博实股份,0.53,20728.29,10982.21
1212,002685,华东重机,2.93,1012.72,2971.79
1213,300113,顺网科技,5.08,10249.96,52100.91
1214,002565,顺灏股份,0.43,22926.91,9840.76
1215,002004,华邦健康,1.87,30244.91,56686.83
1216,600235,民丰特纸,0.73,1723.94,1255.07
1217,000987,越秀金控,2.01,30888.99,62049.58
1218,600188,兖州煤业,1.62,127121.1,206458.5
1219,601611,中国核建,1.33,60033.7,79851.54
1220,603919,金徽酒,2.05,10844.73,22186.58
1221,601628,XD中国人,0.77,2476500.0,1912700.0
1222,600094,大名城,3.29,25545.09,84025.03
1223,600971,恒源煤电,0.11,30930.69,3528.66
1224,600499,科达洁能,0.82,37020.62,30328.95
1225,600615,丰华股份,0.56,1654.08,925.7
1226,000882,华联股份,1.76,6571.53,11597.69
1227,000587,金洲慈航,7.07,14668.66,103729.0
1228,300280,南通锻压,1.33,168.37,223.65
1229,600382,广东明珠,0.88,20136.8,17720.27
1230,600518,康美药业,1.78,187981.7,334040.36
1231,000532,华金资本,0.77,5280.05,4084.72
1232,002394,联发股份,1.4,28047.85,39402.02
1233,002465,海格通信,1.63,32619.85,53015.07
1234,002065,东华软件,1.17,77087.05,89964.72
1235,600850,华东电脑,1.15,23968.96,27503.87
1236,600408,安泰集团,2.39,-24299.05,-58195.48
1237,601567,三星医疗,2.81,28221.73,79424.85
1238,002424,贵州百灵,1.79,26960.45,48232.71
1239,000042,中洲控股,0.64,40550.22,26053.26
1240,600567,山鹰纸业,1.7,20787.14,35280.4
1241,002046,轴研科技,0.33,3808.69,1257.81
1242,600844,*ST丹科,0.94,-17425.24,-16430.53
1243,300214,日科化学,1.44,5546.33,7998.41
1244,002139,拓邦股份,3.56,4051.85,14429.37
1245,002737,葵花药业,1.15,26293.51,30301.56
1246,601015,陕西黑猫,1.23,17495.28,21562.4
1247,002233,塔牌集团,1.13,40037.36,45423.02
1248,601058,赛轮金宇,1.48,24485.09,36224.76
1249,600227,赤天化,-31.56,1107.5,-34953.42
1250,300178,腾邦国际,1.96,9099.06,17828.9
1251,002733,雄韬股份,1.43,8395.07,12004.97
1252,600663,陆家嘴,1.88,140595.94,264873.6
1253,300625,三雄极光,1.95,12641.27,24655.31
1254,300182,捷成股份,4.79,20085.63,96145.26
1255,000513,丽珠集团,1.61,48750.24,78435.36
1256,002239,奥特佳,8.24,5411.16,44607.23
1257,600221,海航控股,1.49,210505.2,313825.5
1258,603609,禾丰牧业,2.45,17417.88,42697.84
1259,603789,星光农机,0.22,15173.43,3320.69
1260,603227,雪峰科技,-0.26,9569.3,-2486.77
1261,600694,大商股份,0.6,117881.54,70299.24
1262,600917,XD重庆燃,1.24,30047.76,37122.62
1263,000150,宜华健康,8.1,9190.15,74438.61
1264,600048,保利地产,1.16,1074716.16,1242155.11
1265,300491,通合科技,1.13,3636.24,4103.8
1266,002582,好想你,0.38,10202.78,3927.24
1267,603429,集友股份,1.5,3526.97,5280.38
1268,002208,合肥城建,0.69,15795.44,10875.94
1269,600812,华北制药,3.98,1365.53,5441.51
1270,300335,迪森股份,1.85,6888.89,12750.98
1271,002689,远大智能,0.45,15666.47,7012.78
1272,600058,五矿发展,0.1,27978.43,2895.45
1273,300211,亿通科技,0.17,2272.33,379.63
1274,601106,*ST一重,-333.4,1719.87,-573401.85
1275,601229,上海银行,1.53,934241.9,1430826.5
1276,601228,广州港,0.85,78644.06,67087.88
1277,000617,中油资本,562.28,984.46,553542.19
1278,600827,百联股份,0.87,103578.85,90035.67
1279,601999,出版传媒,1.76,7003.38,12294.67
1280,600448,华纺股份,0.6,1700.31,1028.0
1281,603586,金麒麟,1.53,13583.98,20718.01
1282,300535,达威股份,1.69,3424.36,5782.11
1283,603797,联泰环保,1.47,4321.77,6348.68
1284,300232,洲明科技,5.05,3297.16,16645.3
1285,601339,百隆东方,1.19,50763.88,60497.57
1286,600620,天宸股份,0.51,11838.53,6018.52
1287,600664,哈药股份,4.67,16866.89,78810.31
1288,600804,鹏博士,1.9,40307.15,76661.3
1289,600166,福田汽车,0.74,76305.54,56682.83
1290,002438,江苏神通,0.78,6589.46,5158.89
1291,300202,聚龙股份,1.15,27198.59,31160.45
1292,000955,欣龙控股,-0.6,-5344.82,3206.14
1293,600980,北矿科技,2.67,1383.07,3696.37
1294,600530,交大昂立,1.65,8297.72,13720.11
1295,600328,兰太实业,2.38,3505.12,8327.95
1296,002501,利源精制,1.9,28995.36,55028.48
1297,600999,招商证券,2.42,222966.89,540345.06
1298,000895,双汇发展,1.14,385819.71,440505.64
1299,002663,普邦股份,0.35,30485.13,10517.91
1300,600519,贵州茅台,1.1,1513663.98,1671836.27
1301,002007,华兰生物,1.64,47533.75,78031.25
1302,000591,太阳能,19.71,3313.52,65324.93
1303,601336,新华保险,1.12,442200.0,494200.0
1304,300102,乾照光电,0.46,10546.85,4838.24
1305,600505,西昌电力,0.84,6687.53,5603.2
1306,002561,徐家汇,0.99,24458.05,24146.85
1307,300296,利亚德,8.34,8022.52,66882.95
1308,000683,远兴能源,-19.06,2690.1,-51277.6
1309,300010,立思辰,4.49,6246.76,28031.2
1310,000876,新 希 望,1.3,189850.65,246906.65
1311,600798,宁波海运,14.85,595.27,8837.09
1312,600320,振华重工,1.52,13983.63,21241.99
1313,002338,奥普光电,0.7,7566.8,5262.04
1314,300138,晨光生物,8.81,1049.4,9247.4
1315,300054,鼎龙股份,3.22,7463.7,24010.18
1316,002041,登海种业,1.31,33767.67,44219.68
1317,000607,华媒控股,17.98,1240.49,22306.4
1318,002775,文科园林,1.43,9763.34,13957.06
1319,002593,日上集团,1.94,3551.23,6884.33
1320,300620,光库科技,2.42,2044.44,4956.39
1321,002491,通鼎互联,2.47,21849.57,53896.34
1322,300558,贝达药业,2.07,17839.88,36879.59
1323,002533,金杯电工,1.49,11358.2,16897.05
1324,600866,星湖科技,1.2,2023.51,2430.62
1325,600444,国机通用,3.31,464.99,1537.65
1326,300494,盛天网络,0.87,12671.91,10975.02
1327,603077,和邦生物,4.93,6443.73,31781.08
1328,300059,东方财富,142.72,500.13,71376.88
1329,600887,伊利股份,1.78,318723.96,566180.77
1330,000793,华闻传媒,1.66,52700.74,87280.61
1331,600577,精达股份,1.7,13169.77,22391.93
1332,300637,扬帆新材,3.17,1899.96,6026.38
1333,000859,国风塑业,-0.47,-3918.91,1835.77
1334,600982,宁波热电,0.59,14286.24,8398.93
1335,600360,华微电子,0.92,4397.78,4061.87
1336,000677,恒天海龙,-0.02,-26100.1,452.14
1337,000421,南京公用,2.9,6649.07,19260.45
1338,300171,东富龙,0.88,26636.29,23451.15
1339,300220,金运激光,0.95,709.25,673.4
1340,002603,以岭药业,2.22,24429.15,54202.32
1341,600823,世茂股份,1.29,164319.01,211883.28
1342,002206,海 利 得,2.52,10115.98,25510.96
1343,603138,海量数据,2.25,1939.68,4360.49
1344,002290,中科新材,0.93,3000.82,2796.62
1345,300439,美康生物,1.71,10352.99,17749.47
1346,300341,麦迪电气,2.55,4459.4,11366.89
1347,600084,中葡股份,0.81,1572.88,1272.52
1348,600273,嘉化能源,-22.77,-3251.37,74047.7
1349,000799,酒鬼酒,-2.96,-3668.36,10858.44
1350,600398,海澜之家,22.03,14173.5,312264.73
1351,601199,江南水务,2.24,14560.81,32608.98
1352,300563,神宇股份,1.05,3444.02,3599.99
1353,002226,江南化工,0.23,26911.39,6130.97
1354,300408,三环集团,1.87,56629.04,105918.64
1355,600090,同济堂,4.41,10710.71,47278.37
1356,000949,新乡化纤,3.79,3031.91,11501.55
1357,002223,鱼跃医疗,1.94,25805.35,50025.52
1358,603303,得邦照明,1.8,17682.03,31872.1
1359,603998,方盛制药,0.95,7343.5,6975.56
1360,300164,通源石油,0.68,3254.08,2197.44
1361,600622,嘉宝集团,0.87,33890.76,29575.43
1362,002624,完美世界,69.84,1670.08,116631.31
1363,000965,天保基建,1.74,16725.79,29063.2
1364,600713,南京医药,4.66,3868.07,18027.18
1365,002423,中原特钢,2.25,231.52,519.79
1366,300026,红日药业,1.94,33953.65,65853.22
1367,000027,深圳能源,0.93,145298.69,134707.03
1368,000968,蓝焰控股,8.45,4548.22,38445.72
1369,300629,新劲刚,0.96,2800.06,2681.55
1370,300604,长川科技,4.17,992.31,4141.66
1371,600386,北巴传媒,0.68,17423.54,11773.41
1372,600129,太极集团,67.94,1255.98,85331.85
1373,002362,汉王科技,-0.1,-21637.18,2131.92
1374,300621,维业股份,1.0,5512.42,5513.0
1375,300375,鹏翎股份,1.64,9586.59,15731.5
1376,300179,四方达,0.9,3290.29,2951.52
1377,600693,东百集团,1.8,5622.2,10104.67
1378,002202,金风科技,7.02,42764.6,300298.2
1379,300306,远方光电,0.97,8999.78,8713.55
1380,000415,渤海金控,2.16,105252.1,227680.2
1381,002482,广田集团,0.77,52292.67,40272.19
1382,002298,中电鑫龙,1.78,8748.67,15579.78
1383,002216,三全食品,0.33,11813.12,3947.23
1384,000525,红 太 阳,0.34,37199.26,12641.31
1385,300580,贝斯特,1.8,6514.32,11695.62
1386,002254,泰和新材,0.7,8427.96,5883.82
1387,603369,今世缘,1.11,68129.74,75416.2
1388,600743,华远地产,1.13,65607.28,74132.36
1389,300251,光线传媒,2.26,32794.36,74091.13
1390,300393,中来股份,1.69,9770.43,16516.45
1391,000002,万 科Ａ,1.39,1511854.94,2102260.63
1392,002628,成都路桥,0.14,31494.28,4392.05
1393,000554,泰山石油,0.36,1217.86,432.75
1394,300205,天喻信息,0.23,8616.1,1984.98
1395,300216,千山药机,2.43,8461.92,20579.41
1396,300086,康芝药业,3.11,1485.29,4615.66
1397,600248,延长化建,0.66,18597.82,12281.65
1398,600350,山东高速,1.33,232214.77,308935.75
1399,002153,石基信息,1.08,35963.33,38879.03
1400,600327,大东方,1.09,18686.43,20411.52
1401,000719,大地传媒,2.36,28541.06,67307.33
1402,603817,海峡环保,1.21,7983.95,9649.57
1403,601579,会稽山,1.14,12404.33,14146.56
1404,002329,皇氏集团,7.99,3636.39,29060.25
1405,600895,XD张江高,1.95,37249.53,72661.76
1406,000537,广宇发展,0.96,36080.27,34529.96
1407,300007,汉威电子,2.28,3977.02,9062.95
1408,300271,华宇软件,2.26,12021.02,27169.42
1409,002548,金新农,3.77,4212.36,15882.27
1410,002801,微光股份,1.63,6139.32,9993.81
1411,300307,慈星股份,0.45,27886.59,12421.27
1412,000888,峨眉山Ａ,1.67,11420.18,19119.95
1413,600103,青山纸业,2.61,1724.16,4498.85
1414,002550,千红制药,1.2,18702.17,22446.15
1415,300040,九洲电气,14.38,907.52,13051.44
1416,300203,聚光科技,2.53,15915.22,40233.32
1417,600077,宋都股份,-0.54,36819.83,-19947.44
1418,600729,重庆百货,0.53,78365.29,41871.09
1419,601700,风范股份,0.97,21507.42,20815.69
1420,603883,老百姓,1.85,16072.07,29689.54
1421,002521,齐峰新材,0.75,18888.12,14193.28
1422,002725,跃岭股份,0.44,10282.81,4530.63
1423,603869,北部湾旅,3.51,4840.7,17013.8
1424,600789,鲁抗医药,2.68,1085.79,2910.2
1425,600894,广日股份,1.24,86390.26,106821.9
1426,300204,舒泰神,2.35,10957.26,25727.47
1427,600817,*ST宏盛,1.34,247.71,331.03
1428,002797,第一创业,3.45,16277.42,56178.13
1429,603979,金诚信,0.44,38548.26,17067.43
1430,603528,多伦科技,2.19,14079.85,30879.82
1431,300066,三川智慧,1.32,10090.19,13357.63
1432,600207,安彩高科,0.96,995.25,954.16
1433,000581,威孚高科,1.51,110822.15,167222.43
1434,000543,皖能电力,0.81,109595.15,88903.3
1435,300024,机器人,1.64,24986.14,41077.36
1436,603188,亚邦股份,2.53,25939.9,65539.46
1437,600377,宁沪高速,1.24,270774.31,334606.39
1438,300615,欣天科技,1.1,5225.6,5741.25
1439,300415,伊之密,1.38,7875.72,10884.71
1440,002179,中航光电,3.0,24444.47,73376.59
1441,002401,中远海科,1.26,4698.99,5918.95
1442,600601,方正科技,0.93,7038.54,6552.86
1443,600979,广安爱众,2.69,7931.09,21350.45
1444,600433,冠豪高新,0.71,15382.93,10852.5
1445,300416,苏试试验,1.47,3664.66,5397.38
1446,002644,佛慈制药,1.99,3059.64,6092.62
1447,600777,新潮能源,-5.26,3452.06,-18145.43
1448,300039,上海凯宝,0.89,31881.54,28260.68
1449,600186,莲花健康,-0.2,-32599.47,6524.74
1450,000782,美达股份,-7.8,1044.62,-8151.26
1451,603567,珍宝岛,1.17,43690.41,50956.09
1452,000589,黔轮胎Ａ,0.09,17364.48,1522.72
1453,300323,华灿光电,-31.01,-861.66,26719.04
1454,600123,兰花科创,-0.66,100131.1,-66004.22
1455,600973,宝胜股份,2.67,9935.68,26566.91
1456,300283,温州宏丰,5.96,407.27,2426.1
1457,002674,兴业科技,0.36,17747.61,6311.92
1458,002279,久其软件,3.68,5943.39,21860.97
1459,600096,云天化,-5.67,59271.05,-335949.24
1460,600023,浙能电力,1.09,575729.74,627706.72
1461,300631,久吾高科,0.63,6840.47,4306.47
1462,601158,重庆水务,0.57,187720.35,106809.78
1463,002390,信邦制药,6.11,4023.73,24601.28
1464,600611,大众交通,1.37,40821.01,55885.16
1465,300387,富邦股份,1.42,6006.48,8531.29
1466,002026,山东威达,2.27,4588.35,10397.6
1467,601388,怡球资源,0.29,8995.96,2584.84
1468,002740,爱迪尔,0.64,9098.03,5779.58
1469,601866,中远海发,-0.14,-264614.92,36859.22
1470,300610,晨化股份,1.59,3494.91,5551.26
1471,603660,苏州科达,1.86,9381.79,17467.28
1472,002316,键桥通讯,-0.05,-5380.07,254.15
1473,600410,华胜天成,0.86,4176.4,3579.92
1474,600825,新华传媒,0.81,5949.85,4840.7
1475,000898,鞍钢股份,2.1,77000.0,161600.0
1476,600383,金地集团,1.75,360883.5,630046.07
1477,300083,劲胜精密,1.03,12750.01,13144.14
1478,600537,亿晶光电,5.22,6887.68,35920.57
1479,600678,四川金顶,-5.89,479.94,-2824.68
1480,600881,亚泰集团,0.7,21759.89,15193.23
1481,300452,山河药辅,1.39,3502.04,4878.56
1482,300206,理邦仪器,0.76,3470.29,2635.28
1483,300350,华鹏飞,4.31,3059.61,13190.22
1484,600036,招商银行,1.2,5174300.0,6208100.0
1485,000582,北部湾港,0.78,58045.84,45173.84
1486,600580,卧龙电气,0.7,36403.2,25340.81
1487,002713,东易日盛,1.64,10560.66,17287.08
1488,603032,德新交运,0.93,5455.11,5076.03
1489,600303,曙光股份,-0.23,-26885.06,6068.97
1490,600624,复旦复华,1.13,3371.22,3815.5
1491,300147,香雪制药,0.42,15824.26,6602.41
1492,603358,华达科技,1.5,19438.42,29088.15
1493,300270,中威电子,2.85,1527.33,4355.57
1494,600865,百大集团,0.76,12196.02,9243.8
1495,002099,海翔药业,-2.74,-8210.69,22501.83
1496,002018,华信国际,8.36,4403.48,36803.93
1497,000667,美好置业,12.86,5169.14,66485.62
1498,601113,华鼎股份,0.91,7954.32,7273.31
1499,002344,海宁皮城,0.53,103900.44,54998.82
1500,002711,欧浦智网,1.9,11708.08,22217.11
1501,002227,奥 特 迅,0.18,5141.14,911.55
1502,603599,广信股份,1.16,15630.26,18113.1
1503,600660,福耀玻璃,1.64,191754.85,314422.73
1504,002249,大洋电机,2.36,21543.93,50935.01
1505,002318,久立特材,0.77,21719.46,16776.67
1506,000961,中南建设,0.34,120938.29,40772.13
1507,600283,钱江水利,3.13,1882.04,5894.83
1508,000800,一汽轿车,-0.95,100709.37,-95432.73
1509,000807,云铝股份,6.87,1609.27,11052.95
1510,000732,泰禾集团,2.34,72835.84,170732.24
1511,600864,哈投股份,1.04,33043.51,34255.56
1512,300464,星徽精密,0.98,4283.81,4184.37
1513,002138,顺络电子,2.38,15077.81,35913.15
1514,002848,高斯贝尔,1.04,5772.9,6013.06
1515,600335,国机汽车,0.9,68111.17,61385.94
1516,600909,华安证券,3.22,18719.35,60201.34
1517,002266,浙富控股,0.7,9146.27,6432.45
1518,002688,金河生物,1.81,9043.25,16412.92
1519,000603,盛达矿业,0.7,28984.31,20209.71
1520,603881,数据港,2.35,3329.14,7822.88
1521,002349,精华制药,4.64,3559.72,16502.97
1522,600293,三峡新材,5.78,3104.11,17940.84
1523,002059,云南旅游,1.06,6323.29,6679.74
1524,300070,碧水源,2.2,83991.02,184576.0
1525,300119,瑞普生物,0.87,15195.89,13278.25
1526,002231,奥维通信,-0.15,-4809.44,724.91
1527,601211,国泰君安,3.42,287896.93,984141.67
1528,002205,国统股份,0.19,7078.94,1332.86
1529,002029,七 匹 狼,0.7,37906.93,26719.16
1530,300262,巴安水务,2.2,6393.84,14090.61
1531,601216,君正集团,3.09,51221.4,158391.84
1532,603345,安井食品,1.7,10406.37,17740.71
1533,600552,DR凯盛科,0.52,14481.62,7555.72
1534,600268,国电南自,6.15,512.42,3151.2
1535,600128,弘业股份,0.33,6877.53,2287.53
1536,002441,众业达,0.78,18269.27,14338.36
1537,600503,华丽家族,5.67,2273.15,12880.62
1538,002699,美盛文化,4.55,4173.02,18995.86
1539,300263,隆华节能,0.13,11340.75,1524.95
1540,000886,海南高速,0.47,13575.41,6341.41
1541,600614,鹏起科技,2.79,3281.9,9169.23
1542,002697,红旗连锁,0.92,15702.45,14431.67
1543,300529,健帆生物,1.59,12678.46,20211.85
1544,002031,巨轮智能,0.19,16766.41,3154.66
1545,002396,星网锐捷,1.34,23917.75,31945.8
1546,600886,国投电力,1.18,330527.9,391644.76
1547,603026,石大胜华,1.72,9931.25,17049.96
1548,600222,太龙药业,0.11,3605.95,401.56
1549,600056,中国医药,1.96,48483.2,94813.73
1550,600139,西部资源,-0.21,-5636.95,1157.24
1551,300516,久之洋,1.79,7869.44,14093.2
1552,000509,华塑控股,-3.4,2099.32,-7136.68
1553,600645,中源协和,5.25,721.57,3785.99
1554,601021,春秋航空,1.3,73223.39,95051.9
1555,300626,华瑞股份,1.7,2326.42,3950.69
1556,600059,古越龙山,0.85,14393.83,12212.67
1557,002538,司尔特,2.19,11160.3,24395.68
1558,000555,神州信息,0.95,25471.88,24199.06
1559,603518,维格娜丝,0.74,13557.68,10032.79
1560,600234,ST山水,0.43,3356.37,1426.97
1561,000031,中粮地产,1.35,53457.01,72015.39
1562,601881,中国银河,2.41,213524.73,515354.62
1563,600231,凌钢股份,1.75,7640.47,13393.82
1564,002587,奥拓电子,1.79,4812.74,8628.24
1565,000036,华联控股,16.9,7981.44,134854.24
1566,002851,麦格米特,4.64,2364.65,10967.69
1567,601258,庞大集团,1.81,21077.48,38169.46
1568,300330,华虹计通,-1.2,2416.11,-2894.72
1569,002220,天宝股份,1.36,13343.2,18153.38
1570,002723,金莱特,0.16,4047.93,658.54
1571,002083,孚日股份,4.19,9018.37,37816.2
1572,603826,坤彩科技,1.48,7343.61,10874.83
1573,300177,中海达,0.18,10778.31,1888.29
1574,601558,*ST锐电,0.9,-344620.57,-309934.5
1575,300358,楚天科技,1.06,13497.57,14312.5
1576,002470,金正大,1.53,66393.6,101694.68
1577,300586,美联新材,1.38,3419.48,4731.67
1578,000422,湖北宜化,-18.39,6794.02,-124944.73
1579,600439,瑞贝卡,0.99,17257.29,17160.66
1580,600502,安徽水利,1.51,20286.26,30564.2
1581,600461,洪城水业,2.33,9957.0,23237.47
1582,002758,华通医药,0.88,4541.16,4015.52
1583,000538,云南白药,1.26,232145.38,291987.68
1584,002541,鸿路钢构,0.88,16551.93,14576.18
1585,601002,晋亿实业,0.85,8391.63,7119.05
1586,000789,万年青,0.52,43839.41,22925.0
1587,600801,华新水泥,0.38,118060.16,45194.04
1588,603081,大丰实业,1.58,12675.02,20074.9
1589,600658,电子城,0.84,49824.27,41995.41
1590,000848,承德露露,1.35,33394.01,45036.71
1591,000759,中百集团,0.04,17081.46,646.6
1592,603766,隆鑫通用,1.57,55232.67,86559.38
1593,601718,际华集团,1.29,94773.62,122275.64
1594,002557,洽洽食品,1.39,25518.19,35370.96
1595,000516,国际医学,1.66,12153.58,20159.21
1596,300200,高盟新材,1.14,4974.89,5685.35
1597,600012,皖通高速,1.1,84791.01,93325.76
1598,300077,国民技术,21.6,468.51,10120.73
1599,002086,东方海洋,1.34,5700.63,7661.71
1600,300181,佐力药业,0.89,8099.75,7202.04
1601,002566,益盛药业,0.15,8731.9,1319.44
1602,300219,鸿利智汇,2.26,6104.03,13816.59
1603,001896,豫能控股,1.58,29127.5,45979.41
1604,000975,银泰资源,0.47,46625.39,21964.36
1605,300244,迪安诊断,3.05,8609.33,26276.09
1606,600668,尖峰集团,1.42,20156.91,28522.95
1607,600635,大众公用,1.96,27902.41,54764.43
1608,000811,烟台冰轮,1.19,25346.16,30088.55
1609,600458,XD时代新,1.99,12156.87,24198.9
1610,300553,集智股份,0.85,3206.1,2728.84
1611,601000,唐山港,1.49,88757.62,132025.4
1612,002440,闰土股份,0.8,82768.35,66010.42
1613,300435,中泰股份,0.86,6615.26,5686.86
1614,300623,捷捷微电,1.76,6623.72,11642.64
1615,600486,扬农化工,1.16,37758.2,43926.06
1616,600598,北大荒,-1.95,-37678.51,73510.7
1617,000680,山推股份,-0.13,-32703.3,4345.54
1618,300071,华谊嘉信,2.07,6348.28,13123.64
1619,601099,太平洋,8.95,7460.05,66772.1
1620,000926,福星股份,0.86,67179.46,58105.62
1621,600697,欧亚集团,1.33,24526.02,32728.56
1622,300447,全信股份,2.16,4206.67,9090.5
1623,300264,佳创视讯,0.82,1669.47,1364.46
1624,000665,湖北广电,1.65,18390.38,30326.83
1625,002156,通富微电,2.98,6066.03,18081.46
1626,002749,国光股份,1.09,12803.65,13924.66
1627,000609,绵石投资,1.28,10403.55,13311.34
1628,300158,振东制药,2.74,7401.72,20306.39
1629,300386,飞天诚信,0.59,20117.59,11958.96
1630,600093,易见股份,11.67,5169.23,60305.88
1631,002632,道明光学,2.65,1837.44,4871.04
1632,600784,鲁银投资,0.44,9548.58,4171.67
1633,603729,龙韵股份,0.42,8321.35,3487.13
1634,002278,神开股份,-1.93,5665.02,-10917.09
1635,002051,中工国际,1.78,71847.67,127960.73
1636,002630,华西能源,1.56,13142.49,20507.13
1637,600161,天坛生物,0.7,37202.88,26177.74
1638,002003,伟星股份,1.41,20926.86,29547.54
1639,603008,喜临门,1.7,12021.39,20376.45
1640,300217,东方电热,0.51,9070.83,4586.09
1641,300120,经纬电材,0.47,3335.38,1567.92
1642,002555,三七互娱,290.71,368.12,107016.23
1643,000813,德展健康,25.2,2625.65,66167.19
1644,600114,东睦股份,2.4,7342.62,17586.31
1645,600269,赣粤高速,1.59,65367.62,103748.4
1646,600528,中铁工业,0.4,42160.61,16786.48
1647,002110,三钢闽光,17.19,5389.83,92653.47
1648,300305,裕兴股份,1.24,5847.54,7224.31
1649,002382,蓝帆医疗,3.85,4697.42,18106.94
1650,000623,吉林敖东,1.57,105878.94,166649.14
1651,300479,神思电子,0.54,3845.82,2060.58
1652,600426,华鲁恒升,1.79,48952.28,87549.05
1653,600723,首商股份,0.9,32918.49,29581.75
1654,002639,雪人股份,0.76,4322.39,3305.4
1655,600054,黄山旅游,2.45,14380.81,35210.6
1656,002309,中利集团,0.43,17342.36,7425.16
1657,601390,中国中铁,1.33,937463.4,1250916.5
1658,600509,天富能源,1.15,27124.31,31261.8
1659,600587,新华医疗,0.15,23168.02,3463.63
1660,600573,惠泉啤酒,0.08,2037.4,167.95
1661,002554,惠博普,1.27,10297.56,13102.67
1662,300519,新光药业,1.64,7246.9,11895.88
1663,600251,冠农股份,0.09,29715.64,2645.79
1664,002574,明牌珠宝,0.52,8344.34,4371.38
1665,000881,中广核技,2.88,10835.45,31191.36
1666,000788,北大医药,0.16,7802.05,1255.91
1667,600267,海正药业,-0.31,30185.74,-9442.81
1668,300373,扬杰科技,2.02,9969.15,20182.09
1669,300172,中电环保,1.58,6907.07,10904.3
1670,603118,共进股份,2.03,16886.1,34309.74
1671,000600,建投能源,2.03,71528.26,145313.66
1672,600820,隧道股份,1.28,128930.9,165298.73
1673,600312,平高电气,3.06,39860.32,121989.71
1674,603309,维力医疗,1.25,6358.57,7925.0
1675,603131,上海沪工,1.37,5053.37,6925.9
1676,600257,大湖股份,0.04,15422.39,605.85
1677,601789,宁波建工,0.86,22666.26,19538.65
1678,002571,*ST德力,-0.77,8011.26,-6130.99
1679,000620,新华联,1.03,50851.48,52389.37
1680,002496,辉丰股份,1.07,16313.96,17440.01
1681,300527,华舟应急,1.73,8980.94,15502.6
1682,600750,江中药业,2.2,17225.54,37976.38
1683,000822,山东海化,0.11,-112894.77,-12308.68
1684,300468,四方精创,0.92,8218.62,7563.28
1685,002159,三特索道,-1.73,3123.15,-5394.03
1686,600436,片仔癀,1.25,42976.84,53613.19
1687,300627,华测导航,-6.84,-1491.97,10209.79
1688,002488,金固股份,-3.07,4506.46,-13816.43
1689,600803,新奥股份,0.75,69301.71,51869.36
1690,002728,特一药业,1.18,8055.47,9477.7
1691,002273,水晶光电,2.22,11441.87,25366.9
1692,300545,联得装备,0.97,3980.68,3843.22
1693,600130,波导股份,0.45,6796.65,3080.75
1694,002706,良信电器,2.0,8103.51,16219.62
1695,600055,万东医疗,1.64,4362.32,7154.38
1696,603555,贵人鸟,0.69,42348.99,29265.98
1697,002403,爱仕达,3.2,4287.61,13736.66
1698,002078,太阳纸业,3.71,28462.45,105676.18
1699,300142,沃森生物,1.47,4789.31,7045.87
1700,600332,白云山,1.54,98004.51,150803.27
1701,603663,三祥新材,1.1,3564.07,3933.16
1702,002373,千方科技,-2.64,-12699.2,33587.38
1703,002092,中泰化学,18.01,10235.57,184347.44
1704,300422,博世科,2.24,2800.6,6267.89
1705,603313,梦百合,1.85,10813.73,20039.55
1706,000544,中原环保,4.98,5974.7,29750.02
1707,600826,兰生股份,16.41,5122.3,84043.53
1708,300249,依米康,5.98,743.35,4442.85
1709,300453,三鑫医疗,0.75,4864.27,3661.4
1710,000989,九 芝 堂,2.9,22483.05,65180.98
1711,002673,西部证券,4.11,27390.21,112462.11
1712,300132,青松股份,0.94,3476.98,3273.46
1713,002444,巨星科技,1.45,42760.9,62163.84
1714,002294,信立泰,1.68,83041.66,139641.42
1715,000550,江铃汽车,0.78,169823.24,131801.61
1716,002067,景兴纸业,24.68,1291.83,31882.91
1717,601566,九牧王,0.79,53730.22,42294.91
1718,300602,飞荣达,2.3,5036.6,11588.85
1719,600272,开开实业,0.84,2544.68,2129.22
1720,002531,天顺风能,2.36,17248.71,40647.72
1721,000418,小天鹅Ａ,2.84,41335.01,117505.49
1722,300542,新晨科技,0.69,4971.01,3439.64
1723,002741,光华科技,1.05,6008.67,6318.42
1724,002243,通产丽星,0.43,6107.13,2627.85
1725,002793,东音股份,2.18,4596.41,10036.28
1726,600368,五洲交通,1.16,19181.05,22215.78
1727,000717,韶钢松山,1.0,10147.03,10142.73
1728,601929,吉视传媒,0.91,40210.41,36601.47
1729,002419,天虹股份,0.85,61544.31,52411.06
1730,600790,轻纺城,0.97,36505.36,35474.57
1731,002085,万丰奥威,3.22,29727.4,95796.14
1732,600592,龙溪股份,1.22,5077.93,6174.45
1733,600143,金发科技,0.98,75495.32,73728.82
1734,002769,普路通,3.75,5097.29,19090.84
1735,000767,漳泽电力,0.19,45545.43,8562.4
1736,000411,英特集团,1.17,7409.03,8684.76
1737,603333,明星电缆,-12.0,646.76,-7759.27
1738,600771,广誉远,-6.28,-1956.4,12281.01
1739,300596,利安隆,2.26,4003.45,9057.75
1740,601877,正泰电器,1.42,154173.94,218476.35
1741,600160,巨化股份,0.6,25357.78,15123.0
1742,603328,依顿电子,1.83,32165.04,58842.78
1743,002215,诺 普 信,-1.53,18001.66,-27624.67
1744,600171,上海贝岭,0.94,4039.38,3785.39
1745,600873,梅花生物,2.58,40369.76,104168.99
1746,600292,XD远达环,0.73,20811.85,15157.72
1747,002453,天马精化,-6.53,4702.53,-30704.57
1748,000928,中钢国际,-1.29,-39783.5,51241.29
1749,000948,南天信息,2.18,947.77,2068.94
1750,600082,海泰发展,-2.03,4049.12,-8207.94
1751,601985,中国核电,1.81,247593.35,448867.38
1752,300174,元力股份,7.86,541.6,4254.78
1753,002724,海洋王,0.64,17248.2,11123.91
1754,601369,陕鼓动力,0.26,91560.51,23957.91
1755,601200,上海环境,5.21,8920.59,46506.15
1756,300575,中旗股份,1.12,6887.55,7715.93
1757,300417,南华仪器,1.22,2878.97,3512.3
1758,002678,珠江钢琴,0.77,19645.34,15149.01
1759,002144,宏达高科,1.24,8120.02,10081.22
1760,300613,富瀚微,3.87,2891.41,11184.07
1761,002755,东方新星,0.08,5552.1,460.46
1762,002616,长青集团,4.09,3984.42,16312.88
1763,601811,新华文轩,1.04,62288.18,64746.23
1764,002489,浙江永强,0.23,26186.71,6094.84
1765,000731,四川美丰,-1.47,17025.45,-25037.38
1766,300037,新宙邦,2.04,12547.11,25591.97
1767,300009,安科生物,2.2,8987.01,19730.28
1768,300511,雪榕生物,1.33,7866.21,10480.58
1769,601186,中国铁建,1.35,1034465.8,1399961.0
1770,300560,中富通,1.08,3548.25,3815.33
1771,002063,远光软件,0.39,34095.41,13137.43
1772,001696,宗申动力,0.95,30693.0,29111.76
1773,600543,莫高股份,-0.25,-8275.55,2032.86
1774,002802,洪汇新材,1.27,4145.88,5262.01
1775,603393,新天然气,1.01,20209.19,20336.18
1776,002608,江苏国信,8.72,12354.83,107756.26
1777,603606,东方电缆,0.83,6256.57,5185.34
1778,603615,茶花股份,0.9,10105.75,9143.69
1779,600425,*ST青松,-6.64,8663.86,-57554.52
1780,600255,鑫科材料,-3.56,-5381.39,19176.91
1781,002236,大华股份,1.61,113092.19,182519.94
1782,600785,新华百货,0.31,20135.68,6295.83
1783,600420,现代制药,3.59,13278.75,47693.37
1784,600533,栖霞建设,1.13,17241.51,19538.74
1785,603099,长白山,1.14,6225.68,7111.22
1786,002212,南洋股份,1.41,4984.84,7027.58
1787,300240,飞力达,1.24,5336.13,6612.59
1788,002363,隆基机械,1.14,5278.23,6015.6
1789,600106,重庆路桥,1.08,27446.24,29526.3
1790,600996,贵广网络,2.02,21912.74,44294.57
1791,300027,华谊兄弟,1.21,66540.23,80813.4
1792,300276,三丰智能,0.6,2474.65,1486.46
1793,002071,长城影视,40.04,640.2,25632.85
1794,603738,泰晶科技,1.34,4400.27,5890.16
1795,600297,广汇汽车,53.15,5273.88,280290.24
1796,002069,獐子岛,0.82,9694.28,7959.34
1797,300328,宜安科技,0.62,4969.27,3068.77
1798,603806,福斯特,1.42,59555.04,84773.59
1799,002058,威 尔 泰,0.88,597.85,524.34
1800,002791,坚朗五金,1.11,22895.75,25317.91
1801,600063,皖维高新,5.43,2029.83,11020.83
1802,002827,高争民爆,2.12,5202.09,11033.66
1803,603018,中设集团,1.4,14986.05,20986.98
1804,600662,强生控股,1.08,17005.29,18431.71
1805,603116,红蜻蜓,1.08,25758.79,27892.26
1806,300391,康跃科技,0.12,3495.85,422.11
1807,603901,永创智能,1.24,7149.38,8867.67
1808,300130,新国都,2.53,5494.01,13902.17
1809,601966,玲珑轮胎,1.03,98001.25,101021.94
1810,300568,星源材质,3.25,4781.53,15542.43
1811,603669,灵康药业,1.34,11479.85,15392.52
1812,002609,捷顺科技,2.52,7226.29,18212.3
1813,000902,新洋丰,-13.48,-4178.62,56308.67
1814,300501,海顺新材,1.45,4446.61,6460.35
1815,002408,齐翔腾达,1.45,34607.69,50251.02
1816,000037,深南电A,24.61,5309.91,130669.48
1817,002310,东方园林,1.46,88938.81,129560.85
1818,000707,双环科技,0.95,-66377.71,-62807.15
1819,600975,新五丰,14.42,1363.16,19662.11
1820,600237,铜峰电子,-16.49,1272.23,-20984.06
1821,002455,百川股份,1.99,4003.49,7979.44
1822,300018,中元股份,2.76,3863.62,10678.02
1823,002230,科大讯飞,1.74,27898.62,48443.04
1824,603569,长久物流,2.08,17441.06,36242.44
1825,300226,上海钢联,1.02,2159.08,2210.49
1826,603041,美思德,1.04,6542.18,6825.8
1827,603900,通灵珠宝,1.9,11655.3,22138.67
1828,002259,升达林业,6.0,1190.68,7138.27
1829,300196,长海股份,2.45,10502.35,25762.73
1830,002343,慈文传媒,5.54,5232.32,29010.92
1831,002443,金洲管道,0.57,11073.01,6282.04
1832,002281,光迅科技,1.74,16351.47,28502.13
1833,000737,南风化工,-0.16,-13109.66,2094.23
1834,600787,中储股份,2.28,33587.21,76744.5
1835,603239,浙江仙通,3.29,4563.58,15016.66
1836,002449,国星光电,1.7,11297.72,19232.02
1837,002377,国创高新,0.3,1722.31,521.64
1838,002406,远东传动,0.93,12558.25,11694.1
1839,002790,瑞尔特,1.31,13422.33,17615.76
1840,603089,正裕工业,1.48,5973.49,8820.15
1841,600754,锦江股份,1.84,37747.33,69457.94
1842,002321,华英农业,-0.72,-12736.94,9147.05
1843,300111,向日葵,0.75,4060.67,3064.38
1844,600766,园城黄金,1.52,206.52,314.59
1845,300475,聚隆科技,0.86,11257.03,9663.45
1846,002856,美芝股份,1.08,4836.92,5211.78
1847,002863,今飞凯达,1.19,6125.43,7311.25
1848,300473,德尔股份,0.84,13107.79,10970.84
1849,002776,柏堡龙,1.16,10188.75,11837.22
1850,300622,博士眼镜,1.15,3288.68,3778.47
1851,000791,甘肃电投,-0.33,32792.24,-10674.05
1852,603108,润达医疗,1.71,6794.0,11642.78
1853,000802,北京文化,16.05,3254.78,52239.92
1854,002716,金贵银业,0.9,15979.77,14451.13
1855,600298,安琪酵母,3.65,14643.98,53509.2
1856,600735,新华锦,1.21,4587.04,5565.29
1857,002380,科远股份,2.56,3221.2,8248.51
1858,000929,兰州黄河,-0.99,2535.64,-2509.36
1859,600988,赤峰黄金,1.41,22807.5,32125.82
1860,603101,汇嘉时代,1.08,8967.77,9661.01
1861,600506,香梨股份,-1.8,479.16,-862.59
1862,002829,星网宇达,1.05,6971.43,7332.61
1863,600529,山东药玻,1.55,12233.37,18960.49
1864,300498,温氏股份,21.26,55444.44,1178987.93
1865,600200,江苏吴中,1.42,5053.72,7186.75
1866,002371,北方华创,0.9,10309.24,9290.16
1867,600131,岷江水电,-1.01,-16207.76,16409.42
1868,600597,光明乳业,1.39,40604.05,56318.54
1869,002534,杭锅股份,2.75,6959.67,19153.01
1870,600551,时代出版,1.16,34667.3,40259.03
1871,600247,ST成城,1.55,-13798.5,-21447.7
1872,600908,无锡银行,0.96,92535.58,89276.8
1873,600212,江泉实业,2.09,2129.37,4455.11
1874,603368,柳州医药,2.15,14941.74,32101.15
1875,603168,莎普爱思,2.65,10408.24,27571.74
1876,002137,麦达数字,-0.8,-18757.51,14998.77
1877,600936,广西广电,0.89,33924.39,30107.88
1878,000816,智慧农业,-1.51,9142.31,-13808.06
1879,300426,唐德影视,2.8,6389.86,17911.54
1880,603035,常熟汽饰,1.26,17927.17,22630.35
1881,600329,中新药业,1.2,35179.44,42242.3
1882,600585,海螺水泥,0.91,938015.93,852991.68
1883,300231,银信科技,2.46,4721.08,11596.78
1884,603225,新凤鸣,16.13,4534.58,73156.43
1885,002602,世纪华通,6.2,8116.1,50345.57
1886,000061,农 产 品,0.79,11128.83,8845.95
1887,601801,皖新传媒,1.75,60570.52,105867.11
1888,002765,蓝黛传动,2.39,5393.28,12863.26
1889,600031,三一重工,0.07,290359.5,20345.7
1890,603579,荣泰健康,8.0,2582.5,20664.56
1891,603538,美诺华,1.14,6900.52,7884.34
1892,002860,星帅尔,2.05,3602.4,7373.71
1893,603133,碳元科技,0.82,10046.37,8233.89
1894,002106,莱宝高科,3.18,6651.74,21177.35
1895,603987,康德莱,1.59,6330.56,10070.83
1896,002752,昇兴股份,1.58,11575.35,18269.34
1897,600761,安徽合力,0.79,50207.6,39568.4
1898,300230,永利股份,2.95,5210.23,15355.43
1899,600233,圆通速递,25.33,5415.39,137193.52
1900,002690,美亚光电,1.49,20799.84,30933.33
1901,002732,燕塘乳业,1.52,6973.17,10608.74
1902,000766,通化金马,52.16,409.21,21346.15
1903,300458,全志科技,0.35,41893.16,14870.34
1904,000985,大庆华科,3.23,1030.74,3334.2
1905,002815,崇达技术,3.14,11970.88,37575.34
1906,600288,大恒科技,0.79,3708.35,2937.27
1907,000868,安凯客车,-1.48,-3472.8,5135.07
1908,000425,徐工机械,0.14,150851.73,20858.32
1909,603960,克来机电,1.03,3468.03,3579.58
1910,002543,万和电气,1.74,24771.71,43116.77
1911,603025,大豪科技,0.89,26871.57,23875.67
1912,000736,中房地产,0.2,6026.74,1186.73
1913,000338,潍柴动力,0.68,357079.14,244118.86
1914,002142,宁波银行,1.61,484707.1,781041.7
1915,300194,福安药业,5.78,3836.79,22195.82
1916,300058,蓝色光标,1.46,43904.67,63967.55
1917,603716,塞力斯,1.4,4906.44,6891.79
1918,000915,山大华特,1.29,15328.04,19838.52
1919,000400,许继电气,1.66,52291.17,86892.5
1920,002653,海思科,0.87,51921.89,45272.39
1921,300020,银江股份,1.05,14565.56,15337.73
1922,000599,青岛双星,3.45,2767.29,9533.89
1923,600287,江苏舜天,0.14,33381.44,4699.62
1924,601727,上海电气,0.84,246279.2,206017.0
1925,002743,富煌钢构,1.23,4083.07,5037.91
1926,300617,安靠智电,1.13,6443.36,7258.36
1927,300394,天孚通信,2.1,5790.65,12157.77
1928,600818,中路股份,9.18,984.88,9036.5
1929,600810,神马股份,4.31,1968.15,8488.81
1930,002646,青青稞酒,0.58,37338.68,21612.39
1931,603088,宁波精达,0.61,3495.21,2149.48
1932,600379,宝光股份,1.93,1871.06,3614.45
1933,000980,众泰汽车,2.22,3900.58,8678.44
1934,603203,快克股份,1.78,5793.56,10319.67
1935,300041,回天新材,1.09,8890.92,9703.92
1936,600326,西藏天路,51.95,487.19,25308.56
1937,300336,新文化,2.31,11474.1,26520.2
1938,300343,联创互联,3.39,5948.33,20140.22
1939,300245,天玑科技,0.95,6084.27,5777.35
1940,603803,瑞斯康达,1.82,13898.74,25335.67
1941,601858,中国科传,1.41,19838.45,27995.02
1942,300028,金亚科技,0.17,-12136.57,-2109.83
1943,603839,安正时尚,0.94,25196.19,23604.4
1944,002478,常宝股份,0.48,22700.37,10969.62
1945,000670,盈方微,4.2,575.65,2417.17
1946,603067,振华股份,1.09,7276.06,7966.08
1947,300592,华凯创意,1.33,3010.92,4002.76
1948,603630,拉芳家化,1.57,9538.34,14946.5
1949,300567,精测电子,1.98,4973.94,9868.42
1950,002817,黄山胶囊,1.09,4798.33,5228.48
1951,600977,中国电影,2.14,42822.05,91745.42
1952,603986,兆易创新,2.62,6735.04,17642.76
1953,600572,XD康恩贝,1.06,41736.97,44106.95
1954,600313,农发种业,1.05,4268.68,4474.42
1955,600889,南京化纤,3.7,2453.97,9083.16
1956,601128,常熟银行,1.06,98117.53,104050.5
1957,002783,凯龙股份,0.89,12161.22,10877.98
1958,002287,奇正藏药,1.36,21337.27,28986.16
1959,600919,江苏银行,1.3,818550.2,1061057.9
1960,603858,步长制药,1.51,116857.48,176936.46
1961,300139,晓程科技,0.43,6540.8,2798.51
1962,002177,御银股份,0.19,12438.25,2324.62
1963,002351,漫步者,1.02,8513.44,8691.23
1964,002117,东港股份,1.69,13004.22,21914.37
1965,600794,保税科技,0.14,17304.77,2466.3
1966,000531,穗恒运Ａ,1.65,34791.17,57346.18
1967,600085,同仁堂,1.42,65601.37,93316.54
1968,000930,中粮生化,2.51,5071.75,12707.87
1969,300552,万集科技,1.17,5920.4,6934.76
1970,002384,东山精密,5.39,2676.54,14421.07
1971,002661,克明面业,1.57,8713.23,13706.28
1972,600800,天津磁卡,-0.68,-2862.56,1936.35
1973,000973,佛塑科技,1.59,7898.32,12565.51
1974,002843,泰嘉股份,0.76,5380.5,4115.24
1975,002649,博彦科技,0.92,12790.74,11717.98
1976,002234,民和股份,-0.63,-24541.77,15378.98
1977,603588,高能环境,1.12,13967.8,15648.14
1978,300144,宋城演艺,2.93,30842.39,90230.52
1979,300314,戴维医疗,0.97,6407.17,6216.59
1980,600027,华电国际,0.81,413860.8,334444.3
1981,603668,天马科技,1.7,4731.65,8029.35
1982,000558,莱茵体育,0.37,6750.76,2519.22
1983,300081,恒信东方,-0.29,-5444.96,1582.32
1984,600547,山东黄金,1.15,112699.61,129277.61
1985,002748,世龙实业,1.09,9640.22,10467.83
1986,600763,通策医疗,1.36,10041.8,13616.47
1987,000999,华润三九,1.01,118110.48,119784.06
1988,300352,北信源,1.19,6779.12,8034.72
1989,002718,友邦吊顶,1.47,8605.12,12648.14
1990,002169,智光电气,5.53,2015.39,11137.49
1991,600966,博汇纸业,-1.1,-18268.26,20131.96
1992,002657,中科金财,3.18,5602.16,17793.39
1993,600926,杭州银行,1.06,378836.0,402092.7
1994,002183,怡 亚 通,2.59,20028.52,51875.25
1995,002244,滨江集团,0.99,141012.45,139880.7
1996,600517,置信电气,1.67,28342.05,47278.08
1997,603336,宏辉果蔬,1.49,4058.47,6061.84
1998,300169,天晟新材,-0.26,-6970.55,1819.18
1999,603618,杭电股份,1.41,9661.6,13597.29
2000,300277,海联讯,5.41,482.78,2612.1
2001,002232,启明信息,6.01,761.21,4571.71
2002,300528,幸福蓝海,0.98,11442.56,11249.91
2003,600759,洲际油气,0.95,4545.84,4310.75
2004,002429,兆驰股份,0.59,63588.55,37439.09
2005,300482,万孚生物,2.46,5900.35,14498.67
2006,601882,海天精工,1.76,3588.21,6327.74
2007,300598,诚迈科技,1.68,3004.84,5056.2
2008,000703,恒逸石化,1.94,42693.32,83033.74
2009,601179,XD中国西,3.51,32173.38,112789.08
2010,002631,德尔未来,2.08,9193.52,19104.33
2011,600546,山煤国际,1.26,24400.81,30768.03
2012,300550,和仁科技,1.19,4393.93,5207.1
2013,002495,佳隆股份,0.92,3508.23,3227.92
2014,600814,杭州解百,3.11,6296.39,19572.62
2015,002840,华统股份,1.63,5672.76,9218.54
2016,603298,杭叉集团,1.32,30403.35,40261.41
2017,600060,海信电器,1.11,158287.91,175886.9
2018,000585,东北电气,-10.06,988.68,-9949.38
2019,300247,乐金健康,5.28,1621.3,8563.45
2020,603878,XD武进不,0.67,18405.66,12248.33
2021,603266,天龙股份,1.18,6880.44,8105.76
2022,002715,登云股份,0.24,3385.2,827.82
2023,000045,深纺织Ａ,-1.85,4722.26,-8727.06
2024,300105,龙源技术,-0.86,19198.64,-16448.47
2025,002463,沪电股份,0.73,17999.2,13050.51
2026,300353,东土科技,3.6,3419.7,12314.39
2027,300295,三六五网,0.95,11438.4,10835.48
2028,002186,全 聚 德,1.27,11006.38,13958.98
2029,300036,超图软件,2.33,5476.56,12745.02
2030,300471,厚普股份,1.12,14965.94,16732.74
2031,000996,中国中期,1.11,1839.68,2049.3
2032,300378,鼎捷软件,0.43,9592.23,4108.22
2033,002079,苏州固锝,2.68,4228.15,11340.97
2034,002161,远 望 谷,1.03,3904.78,4027.13
2035,600716,凤凰股份,0.23,22760.9,5243.34
2036,002645,华宏科技,1.75,3601.87,6302.61
2037,300021,大禹节水,3.54,1710.42,6048.72
2038,002768,国恩股份,2.52,5188.61,13091.43
2039,002810,山东赫达,0.77,6219.29,4818.44
2040,300608,思特奇,1.41,3921.67,5545.79
2041,600594,益佰制药,0.9,42915.36,38486.26
2042,300359,全通教育,2.45,4199.21,10294.37
2043,300390,天华超净,0.44,3684.05,1606.79
2044,300639,凯普生物,2.61,2916.99,7609.46
2045,300150,世纪瑞尔,1.41,6452.9,9078.4
2046,300355,蒙草生态,3.26,10409.65,33931.3
2047,000903,云内动力,1.52,14735.61,22389.34
2048,000709,河钢股份,13.39,11617.59,155547.92
2049,000158,常山股份,19.92,1756.59,34991.45
2050,002778,高科石化,1.09,3114.89,3402.22
2051,002191,劲嘉股份,1.2,47676.52,57072.14
2052,300523,辰安科技,1.8,4409.93,7935.57
2053,600851,海欣股份,1.38,6539.29,8996.53
2054,002431,棕榈股份,0.3,39875.79,12082.61
2055,600839,四川长虹,1.08,51248.16,55478.47
2056,601668,XD中国建,1.46,2039851.2,2987010.4
2057,600401,*ST海润,5.82,-20259.7,-117934.35
2058,300436,广生堂,1.16,5726.22,6641.3
2059,002195,二三四五,21.54,2947.2,63496.56
2060,002617,露笑科技,1.7,3810.99,6476.35
2061,603887,城地股份,1.22,4520.92,5534.62
2062,300048,合康新能,4.02,4446.68,17895.08
2063,300125,易世达,-2.85,2180.86,-6225.83
2064,603818,曲美家居,1.63,11361.79,18500.58
2065,600020,中原高速,1.9,39459.5,74813.99
2066,600220,江苏阳光,1.43,10690.59,15288.03
2067,300293,蓝英装备,0.15,10137.49,1543.18
2068,600305,恒顺醋业,4.36,3911.55,17041.12
2069,300421,力星股份,1.17,4977.48,5813.78
2070,600756,浪潮软件,27.47,420.43,11547.89
2071,000931,中 关 村,-0.14,-19693.01,2735.81
2072,002164,宁波东力,-2.8,-413.16,1156.72
2073,601595,上海电影,1.68,14026.17,23627.75
2074,300257,开山股份,0.28,35063.43,9945.57
2075,601007,金陵饭店,0.58,7219.33,4162.82
2076,600525,长园集团,2.11,30389.95,64005.76
2077,300096,易联众,0.26,4040.5,1059.82
2078,002773,康弘药业,1.57,31571.29,49675.19
2079,300556,丝路视觉,0.88,3071.84,2707.07
2080,600062,华润双鹤,0.82,87069.02,71421.09
2081,603886,元祖股份,1.01,12366.52,12495.0
2082,000078,海王生物,3.57,11704.8,41839.57
2083,002242,九阳股份,1.49,46970.65,69772.68
2084,002633,申科股份,0.9,-2854.09,-2570.58
2085,002448,中原内配,1.32,16240.46,21454.75
2086,300376,易事特,2.98,15843.79,47164.5
2087,300292,吴通控股,8.79,1911.35,16796.32
2088,000016,深康佳Ａ,2.12,4516.3,9567.3
2089,300405,科隆股份,0.3,5269.58,1573.25
2090,603021,山东华鹏,1.24,4139.52,5136.1
2091,600321,国栋建设,0.06,7484.98,415.61
2092,600841,上柴股份,0.48,20533.39,9785.78
2093,002322,理工环科,1.14,13311.55,15192.77
2094,002852,道道全,3.98,5165.89,20573.36
2095,000963,华东医药,2.52,57497.59,144659.17
2096,000708,大冶特钢,1.45,20166.15,29268.07
2097,000553,沙隆达Ａ,-0.23,32081.2,-7449.0
2098,002507,涪陵榨菜,1.83,14064.71,25722.89
2099,000729,燕京啤酒,0.46,68064.11,31208.45
2100,600446,金证股份,2.15,10920.8,23507.89
2101,002751,易尚展示,0.27,5546.09,1511.65
2102,601633,长城汽车,1.28,822364.84,1055115.89
2103,603737,三棵树,1.34,10003.54,13365.82
2104,002832,比音勒芬,1.38,9587.56,13259.64
2105,600213,亚星客车,11.88,524.38,6230.78
2106,002855,捷荣技术,0.63,11536.91,7218.58
2107,300110,华仁药业,0.2,12151.94,2394.62
2108,600704,物产中大,4.25,50647.18,215432.36
2109,603768,常青股份,1.21,12248.62,14836.57
2110,600135,乐凯胶片,1.7,2413.6,4114.3
2111,002736,国信证券,2.16,210800.96,455615.23
2112,002816,和科达,0.77,3945.63,3022.01
2113,603117,万林股份,0.67,11996.35,8022.59
2114,300224,正海磁材,2.46,7752.88,19089.4
2115,300434,金石东方,0.52,4890.07,2552.65
2116,002849,威星智能,2.21,2366.45,5222.86
2117,600638,新黄浦,0.45,22831.66,10222.99
2118,000049,德赛电池,1.24,20602.6,25530.13
2119,600069,银鸽投资,1.43,-27864.77,-39937.64
2120,300184,力源信息,2.77,1710.75,4734.9
2121,002262,恩华药业,1.76,17625.36,30974.3
2122,300362,天翔环境,3.94,3215.58,12659.41
2123,002833,弘亚数控,2.28,6812.46,15512.77
2124,300222,科大智能,28.96,955.55,27673.49
2125,000890,法 尔 胜,22.08,640.04,14134.74
2126,603585,苏利股份,3.12,5942.72,18525.69
2127,002393,力生制药,0.39,29805.9,11560.63
2128,600359,新农开发,-9.98,1516.93,-15144.22
2129,300342,天银机电,1.64,10070.2,16527.62
2130,603906,龙蟠科技,1.4,6388.45,8960.53
2131,600681,百川能源,-97.2,-567.08,55117.41
2132,300572,安车检测,1.37,3573.9,4903.38
2133,603300,华铁科技,0.72,7570.44,5426.13
2134,600512,腾达建设,0.56,15097.14,8447.41
2135,300285,国瓷材料,1.66,7859.03,13039.66
2136,600978,宜华生活,1.73,41053.54,70944.0
2137,601117,中国化学,0.53,335839.34,177038.43
2138,000863,三湘印象,1.47,48012.77,70532.53
2139,300001,特锐德,2.12,11837.07,25152.76
2140,002726,龙大肉食,2.0,11624.66,23275.44
2141,002601,龙蟒佰利,18.75,2357.58,44210.51
2142,603701,德宏股份,1.55,4372.88,6773.82
2143,600385,山东金泰,0.09,2682.8,233.3
2144,002746,仙坛股份,5.16,4761.61,24551.6
2145,603885,吉祥航空,3.69,33863.8,124907.42
2146,300215,电科院,0.41,17110.3,7067.07
2147,000608,阳光股份,-1.67,28007.6,-46823.8
2148,600477,杭萧钢构,10.07,4457.31,44875.84
2149,600319,亚星化学,3.05,879.3,2678.17
2150,300484,蓝海华腾,2.62,5932.08,15527.47
2151,002515,金字火腿,0.88,2259.18,1989.63
2152,300003,乐普医疗,1.88,36164.55,67925.57
2153,002045,国光电器,0.74,8153.94,6042.35
2154,600651,飞乐音响,6.11,5743.9,35109.21
2155,601669,中国电建,1.49,455599.68,677181.25
2156,300496,中科创达,1.24,9668.09,12028.22
2157,300559,佳发安泰,0.77,8017.13,6177.66
2158,603005,晶方科技,0.34,15373.22,5275.33
2159,002315,焦点科技,0.8,13899.04,11104.59
2160,300441,鲍斯股份,1.47,4799.0,7061.09
2161,300339,润和软件,3.93,7716.8,30357.91
2162,300183,东软载波,1.51,23616.73,35647.28
2163,603843,正平股份,1.11,8204.45,9074.36
2164,002859,洁美科技,3.3,4182.05,13811.67
2165,603268,松发股份,0.91,4291.87,3910.89
2166,603337,杰克股份,1.29,17096.51,22041.57
2167,300317,珈伟股份,15.55,2019.91,31404.68
2168,002774,快意电梯,1.22,8070.24,9827.9
2169,600698,湖南天雁,0.17,5902.21,999.63
2170,300045,华力创通,3.56,1434.73,5102.64
2171,300424,航新科技,0.81,7354.26,5986.22
2172,300383,光环新网,4.98,6726.46,33515.98
2173,600675,中华企业,1.63,40166.35,65545.82
2174,600722,金牛化工,-0.16,-15965.02,2591.7
2175,300561,汇金科技,1.8,4392.6,7886.15
2176,002696,百洋股份,1.04,5687.68,5925.59
2177,600689,上海三毛,-1.96,-4718.27,9248.98
2178,300507,苏奥传感,1.89,5098.78,9633.04
2179,600007,中国国贸,2.11,32519.68,68634.04
2180,600584,长电科技,9.56,1112.22,10633.44
2181,300238,冠昊生物,1.61,4057.39,6537.11
2182,300253,卫宁健康,6.43,8060.4,51862.28
2183,600176,中国巨石,4.77,31912.81,152103.51
2184,300377,赢时胜,3.0,4035.73,12103.94
2185,002568,百润股份,-3.51,4187.58,-14702.19
2186,603877,太平鸟,2.01,21297.41,42753.89
2187,600275,*ST昌鱼,1.05,-3906.21,-4115.52
2188,300480,光力科技,0.57,5458.53,3091.05
2189,600511,国药股份,1.33,41150.97,54760.69
2190,603218,日月股份,2.43,13953.03,33898.23
2191,600400,红豆股份,3.33,4793.14,15941.77
2192,002352,顺丰控股,103.78,4028.1,418042.62
2193,601588,北辰实业,0.9,66453.5,60058.54
2194,603308,应流股份,0.34,16271.8,5468.25
2195,300023,宝德股份,-5.69,-1105.41,6285.02
2196,300173,智慧松德,-3.42,-2173.17,7439.99
2197,600600,青岛啤酒,0.53,197337.21,104348.64
2198,002516,旷达科技,2.11,14261.69,30128.66
2199,603929,亚翔集成,2.86,5781.48,16524.05
2200,002652,扬子新材,2.25,3619.82,8127.49
2201,002224,三 力 士,1.53,14766.85,22582.89
2202,002727,一心堂,1.47,24085.33,35337.7
2203,300487,蓝晓科技,0.99,6203.21,6169.56
2204,603078,江化微,3.57,1928.72,6894.27
2205,603556,海兴电力,1.83,28509.4,52123.23
2206,603389,亚振家居,0.96,7866.72,7552.37
2207,603665,康隆达,1.96,4779.54,9376.0
2208,300380,安硕信息,-0.42,4649.85,-1949.26
2209,300356,光一科技,1.35,4733.68,6378.67
2210,000695,滨海能源,1.19,325.81,388.33
2211,300223,北京君正,0.28,2556.97,705.21
2212,002386,天原集团,0.98,5641.95,5513.83
2213,002066,瑞泰科技,-0.19,-13532.59,2523.84
2214,300062,中能电气,1.96,3993.97,7843.58
2215,300369,绿盟科技,1.99,11052.88,22012.41
2216,002355,兴民智通,0.73,6993.79,5081.63
2217,300146,汤臣倍健,1.27,42168.63,53521.18
2218,600970,中材国际,5.72,8934.97,51138.34
2219,002564,天沃科技,-2.39,12550.19,-29971.09
2220,000893,东凌国际,0.13,14554.45,1952.09
2221,300288,朗玛信息,1.51,5630.36,8514.58
2222,600371,万向德农,-1.55,-3539.34,5490.92
2223,300512,中亚股份,1.84,8742.23,16107.32
2224,600720,祁连山,0.36,46470.01,16657.91
2225,603069,海汽集团,1.07,5852.92,6283.88
2226,002131,利欧股份,10.2,5599.01,57101.18
2227,300365,恒华科技,2.11,5949.56,12542.89
2228,600418,江淮汽车,1.27,91725.0,116196.57
2229,600070,浙江富润,0.82,12246.98,10064.87
2230,300541,先进数通,1.2,4976.94,5950.77
2231,600807,天业股份,6.92,1955.37,13537.25
2232,601880,大连港,0.78,68258.26,53101.27
2233,300166,东方国信,3.63,9023.64,32790.11
2234,600570,恒生电子,0.06,32331.79,1829.14
2235,600545,新疆城建,-1.29,17703.45,-22799.4
2236,002052,同洲电子,-17.87,3415.65,-61038.73
2237,600317,营口港,0.96,51112.95,49157.56
2238,002826,易明医药,2.81,1970.69,5535.85
2239,002779,中坚科技,0.77,4595.58,3545.49
2240,603959,百利科技,1.24,8577.01,10643.12
2241,600258,首旅酒店,1.79,11797.01,21093.85
2242,603222,济民制药,0.5,8124.78,4089.39
2243,300505,川金诺,1.0,5782.76,5808.73
2244,000635,英 力 特,1.43,7701.2,10979.4
2245,002416,爱施德,0.25,75447.91,18775.19
2246,002703,浙江世宝,1.3,4882.4,6348.75
2247,600647,同达创业,2.4,3361.63,8061.22
2248,002643,万润股份,2.57,12394.16,31865.27
2249,002821,凯莱英,3.38,7472.95,25273.52
2250,000823,超声电子,1.4,13341.58,18722.18
2251,002788,鹭燕医药,1.07,10828.31,11552.31
2252,600449,宁夏建材,0.19,30004.56,5764.99
2253,600075,新疆天业,-2.27,-21567.23,48930.02
2254,300311,任子行,4.36,2514.1,10954.94
2255,300159,新研股份,2.47,10175.93,25093.73
2256,600249,两面针,2.66,1010.48,2690.3
2257,002777,久远银海,1.43,5409.58,7726.63
2258,300033,同花顺,55.27,2192.19,121157.67
2259,603519,立霸股份,1.47,4926.38,7254.21
2260,603179,新泉股份,2.94,3866.37,11367.29
2261,002102,冠福股份,8.75,2803.73,24540.11
2262,603822,嘉澳环保,1.33,3214.31,4288.79
2263,002572,索菲亚,2.71,24485.29,66401.69
2264,300121,阳谷华泰,9.95,1576.34,15677.84
2265,002388,新亚制程,1.1,991.78,1089.05
2266,601366,利群股份,1.09,33251.99,36186.53
2267,002560,通达股份,1.41,5948.19,8368.73
2268,601231,环旭电子,1.43,56421.31,80558.18
2269,002813,路畅科技,0.54,7621.57,4079.27
2270,603633,徕木股份,1.01,4884.15,4954.35
2271,002670,国盛金控,5.5,9062.5,49814.56
2272,600650,锦江投资,1.01,23491.88,23700.51
2273,300451,创业软件,1.38,4573.17,6300.35
2274,000019,深深宝Ａ,2.21,4366.22,9662.07
2275,300256,星星科技,-0.98,-14922.87,14605.19
2276,002820,桂发祥,1.09,8424.85,9176.68
2277,603703,盛洋科技,0.68,4011.94,2730.29
2278,300407,凯发电气,1.79,6797.72,12176.54
2279,601225,陕西煤业,0.79,348622.38,275488.53
2280,002583,海能达,2.97,13507.12,40182.84
2281,300616,尚品宅配,2.19,11681.88,25551.07
2282,603339,XD四方冷,1.25,9965.35,12444.31
2283,002350,北京科锐,1.24,6145.1,7646.22
2284,603778,乾景园林,1.06,7559.13,8017.88
2285,002759,天际股份,1.37,5628.05,7700.9
2286,002719,麦趣尔,0.49,5775.24,2811.24
2287,002771,真视通,1.16,5938.89,6903.58
2288,002284,亚太股份,1.05,13704.61,14419.34
2289,002299,圣农发展,-3.09,-21974.95,67872.8
2290,002735,王子新材,0.94,3932.58,3711.15
2291,300603,立昂技术,0.97,3651.09,3547.44
2292,002618,丹邦科技,0.47,5241.52,2458.99
2293,603517,绝味食品,1.97,19281.53,38030.32
2294,603589,口子窖,1.97,39816.7,78346.42
2295,000672,上峰水泥,0.56,26078.76,14522.93
2296,002077,大港股份,0.77,5409.6,4159.49
2297,600011,华能国际,0.84,1052013.37,881429.09
2298,603126,中材节能,1.43,9096.68,13025.62
2299,300131,英唐智控,-22.26,-905.09,20143.02
2300,603027,千禾味业,1.42,7046.92,10008.86
2301,300135,宝利国际,0.29,9544.86,2724.11
2302,600707,彩虹股份,-3.64,7479.56,-27251.25
2303,601519,*ST智慧,-150.93,1166.14,-176002.49
2304,000995,皇台酒业,4.32,-2930.53,-12667.75
2305,603169,兰石重装,0.33,4937.35,1641.99
2306,601500,通用股份,0.77,22031.76,17031.69
2307,002785,万里石,0.61,3776.46,2308.53
2308,300122,智飞生物,0.25,13034.78,3252.03
2309,000678,襄阳轴承,3.69,315.73,1165.25
2310,300493,润欣科技,1.24,3987.57,4931.38
2311,002241,歌尔股份,1.26,130662.65,165149.66
2312,603966,法兰泰克,0.93,6106.78,5693.87
2313,600830,香溢融通,0.66,16338.51,10803.84
2314,300609,汇纳科技,1.83,2634.83,4830.14
2315,300508,维宏股份,0.98,4518.76,4436.33
2316,300411,金盾股份,0.9,4716.68,4265.5
2317,002308,威创股份,0.6,30181.06,18223.35
2318,300530,达志科技,1.28,3763.57,4807.81
2319,300431,暴风集团,1.37,3853.75,5281.17
2320,603223,恒通股份,1.07,5417.86,5819.99
2321,603656,泰禾光电,1.41,5914.51,8365.96
2322,300419,浩丰科技,1.18,5189.53,6141.81
2323,000818,方大化工,-1.3,-8625.1,11207.66
2324,300537,广信材料,0.87,4883.04,4241.3
2325,300162,雷曼股份,1.76,1743.09,3076.02
2326,002734,利民股份,2.15,5244.05,11299.23
2327,300420,五洋科技,1.9,3834.97,7268.71
2328,600630,龙头股份,0.4,5223.68,2077.82
2329,600868,梅雁吉祥,2.64,2581.81,6820.67
2330,600183,生益科技,1.34,55785.03,74819.62
2331,603039,泛微网络,1.81,3604.76,6521.94
2332,000869,张 裕Ａ,0.94,104818.59,98246.05
2333,603019,中科曙光,2.32,9668.78,22425.02
2334,600610,中毅达,-0.13,-3565.71,468.82
2335,002590,万安科技,3.56,3564.94,12676.34
2336,600876,洛阳玻璃,-0.12,-9898.1,1151.61
2337,000806,银河生物,1.05,1221.27,1287.34
2338,603800,道森股份,-0.99,6088.69,-6003.96
2339,300082,奥克股份,0.94,8106.79,7633.58
2340,600576,万家文化,13.05,833.17,10876.51
2341,600107,美尔雅,0.41,1167.12,474.31
2342,300379,东方通,2.45,4547.59,11136.36
2343,300595,欧普康视,4.6,2480.0,11403.8
2344,603330,上海天洋,1.63,3294.9,5360.21
2345,002095,生 意 宝,0.38,3295.57,1261.92
2346,300300,汉鼎宇佑,0.67,5701.25,3823.68
2347,600599,熊猫金控,1.64,1265.61,2071.44
2348,002492,恒基达鑫,0.91,4867.04,4437.08
2349,300525,博思软件,1.38,2778.41,3830.16
2350,002808,苏州恒久,1.05,3913.64,4104.72
2351,300488,恒锋工具,1.26,5920.18,7463.92
2352,300515,三德科技,0.75,4633.97,3478.6
2353,600475,华光股份,1.43,7566.44,10789.09
2354,300481,濮阳惠成,1.36,4764.92,6488.97
2355,002300,太阳电缆,1.12,13862.71,15533.08
2356,000939,凯迪生态,5.15,6480.92,33352.79
2357,600338,西藏珠峰,31.14,2088.37,65025.7
2358,600496,精工钢构,0.46,23713.3,10957.31
2359,603159,上海亚虹,1.13,3658.81,4146.44
2360,002346,柘中股份,5.08,396.88,2016.19
2361,300459,金科娱乐,4.01,5118.48,20499.89
2362,002115,三维通信,-0.2,-13519.65,2760.05
2363,300260,新莱应材,0.95,1286.74,1219.02
2364,300502,新易盛,1.33,7935.88,10528.68
2365,000151,中成股份,1.08,9311.3,10087.99
2366,002395,双象股份,1.89,1883.17,3555.09
2367,300329,海伦钢琴,1.03,3226.88,3328.48
2368,603028,赛福天,0.7,4475.04,3112.34
2369,300503,昊志机电,0.83,7603.34,6278.08
2370,600190,锦州港,0.36,15469.38,5550.26
2371,600113,浙江东日,4.89,2035.16,9941.95
2372,000957,中通客车,5.61,10450.61,58581.18
2373,300591,万里马,1.27,2921.37,3700.23
2374,002819,东方中科,1.02,3020.28,3075.87
2375,002579,中京电子,9.39,1182.56,11098.64
2376,300017,网宿科技,5.27,23711.2,125039.66
2377,603777,来伊份,1.37,9786.1,13411.47
2378,300569,天能重工,4.37,3917.11,17134.53
2379,600939,重庆建工,0.83,35586.7,29463.92
2380,002712,思美传媒,1.68,8408.83,14155.41
2381,300175,朗源股份,1.62,1748.1,2832.37
2382,300304,云意电气,1.17,9392.51,11005.26
2383,603819,神力股份,0.91,5003.18,4564.7
2384,300499,高澜股份,1.37,4180.45,5724.33
2385,002597,金禾实业,3.78,14607.42,55146.36
2386,300404,博济医药,0.06,3516.37,208.71
2387,002782,可立克,1.11,5307.27,5889.57
2388,002830,名雕股份,1.0,5079.11,5057.89
2389,300332,天壕环境,0.5,11604.5,5837.26
2390,002623,亚玛顿,0.28,6159.79,1705.4
2391,002655,共达电声,1.27,1413.47,1800.81
2392,002342,巨力索具,0.29,7019.09,2063.36
2393,300506,名家汇,2.19,4599.75,10054.16
2394,603600,永艺股份,2.03,5919.64,12022.41
2395,000401,冀东水泥,0.15,34445.0,5288.55
2396,002301,齐心集团,3.8,2760.54,10489.14
2397,300385,雪浪环境,1.58,5614.64,8870.73
2398,002325,洪涛股份,0.47,27952.24,13080.58
2399,300019,硅宝科技,1.29,7009.77,9064.42
2400,002605,姚记扑克,0.83,11698.28,9746.41
2401,603058,永吉股份,0.97,9671.25,9373.77
2402,600300,XD维维股,0.87,8058.99,7012.53
2403,603388,元成股份,1.09,4881.21,5303.76
2404,603999,读者传媒,0.51,16389.82,8425.25
2405,002552,宝鼎科技,-13.74,1214.45,-16684.33
2406,603955,大千生态,1.53,4567.82,6966.36
2407,002200,云投生态,2.11,1587.01,3343.57
2408,603688,石英股份,1.03,7824.07,8093.75
2409,603186,华正新材,2.41,3519.97,8479.45
2410,002780,三夫户外,1.09,3258.55,3537.16
2411,603033,三维股份,0.63,12643.8,7909.99
2412,600845,宝信软件,1.16,29011.1,33565.9
2413,300465,高伟达,0.43,5323.64,2310.96
2414,600898,国美通讯,0.58,2774.98,1619.33
2415,002134,*ST普林,2.05,-4827.15,-9882.79
2416,000526,*ST紫学,14.79,-667.36,-9868.32
2417,603601,再升科技,3.16,2558.65,8082.4
2418,601116,三江购物,0.67,15006.16,10111.08
2419,300053,欧比特,3.02,2801.45,8458.95
2420,600387,海越股份,0.64,6293.57,4002.59
2421,300372,欣泰电气,-1.71,6292.48,-10780.87
2422,000155,*ST川化,-1.37,-63331.61,86858.33
2423,600710,*ST常林,-0.96,-21623.63,20665.56
