,code,name,times_3,times_4,net30,net40,net31,net41
0,000971,高升控股,-1.37,-1.5,-4083.84,-7403.62,5607.22,11104.25
1,600477,杭萧钢构,4.44,6.35,6731.8,7064.42,29913.24,44875.84
2,000711,京蓝科技,-1.89,0.64,1682.58,1863.22,-3188.24,1198.89
3,002321,华英农业,1.32,1.07,6963.71,8520.66,9205.6,9147.05
4,600230,沧州大化,2.77,5.29,2983.26,7019.86,8272.34,37106.39
5,000823,超声电子,0.93,1.03,12039.35,18194.09,11225.86,18722.18
6,600874,创业环保,1.67,1.61,22018.6,27578.6,36675.5,44316.8
7,000568,泸州老窖,0.75,0.66,200771.76,290502.72,150637.68,192774.35
8,600452,涪陵电力,16.44,16.77,787.44,1001.52,12947.47,16794.64
9,600702,沱牌舍得,0.58,0.41,9417.64,19520.87,5480.57,8019.9
10,600535,天士力,1.92,1.93,52325.86,61081.12,100310.79,117642.49
11,000521,美菱电器,1.26,2.07,13101.7,10661.47,16528.87,22021.67
12,300131,英唐智控,6.17,9.84,2372.73,2046.99,14641.69,20143.02
13,600873,梅花生物,1.33,1.45,50103.19,71950.19,66452.69,104168.99
14,000513,丽珠集团,2.19,2.18,28085.35,35936.99,61477.4,78435.36
15,002302,西部建设,2.01,2.85,9027.97,11117.54,18139.83,31630.98
16,002349,精华制药,2.7,3.43,4172.55,4810.18,11259.46,16502.97
17,600099,林海股份,1.41,0.59,129.93,327.56,182.9,193.4
18,000910,大亚圣象,2.23,3.86,12649.83,14013.88,28203.75,54111.82
19,000423,东阿阿胶,2.0,2.16,61293.91,85616.62,122593.21,185247.35
20,002415,海康威视,5.58,5.01,86898.66,148101.3,484995.75,742226.2
21,002648,卫星石化,0.2,0.49,50758.73,62972.48,9938.69,31156.46
22,600332,白云山,4.4,5.24,23999.43,28753.1,105642.23,150803.27
23,002389,南洋科技,1.36,1.21,7246.08,10135.44,9838.25,12277.68
24,600305,恒顺醋业,71.47,16.91,163.71,1007.99,11700.85,17041.12
25,002296,辉煌科技,1.77,0.89,3209.79,9557.0,5687.45,8507.01
26,300145,中金环境,4.54,5.24,6494.05,9729.95,29451.09,50998.61
27,600516,方大炭素,0.15,0.11,52624.7,61404.39,7875.2,6744.89
28,002424,贵州百灵,2.5,2.31,12592.93,20838.1,31431.34,48232.71
29,600566,济川药业,82.15,118.0,823.13,791.65,67617.37,93418.29
30,002601,龙蟒佰利,0.37,1.23,32556.64,35947.5,11948.32,44210.51
31,600309,万华化学,1.63,1.98,153853.17,185390.03,250025.28,367942.18
32,600068,葛洲坝,1.74,2.19,128833.61,155031.96,224285.7,339531.26
33,600755,厦门国贸,2.23,1.93,35142.05,54110.54,78373.74,104319.77
34,000822,山东海化,0.2,-0.32,33402.97,38891.43,6662.22,-12308.68
35,600486,扬农化工,2.73,2.86,10796.21,15370.51,29446.3,43926.06
36,600436,片仔癀,2.49,2.1,19336.68,25486.8,48105.67,53613.19
37,600570,恒生电子,1.93,0.07,10666.65,25441.05,20535.46,1829.14
38,000586,汇源通信,0.33,0.16,826.19,1858.66,268.78,301.95
39,300225,金力泰,1.26,1.42,3952.03,4947.75,4971.25,7023.55
40,600328,兰太实业,1.26,0.93,4801.34,8981.1,6032.31,8327.95
41,600479,千金药业,1.16,1.8,5681.26,8282.13,6586.0,14942.87
42,002386,天原集团,-0.59,2.66,8206.96,2072.58,-4866.74,5513.83
43,600518,康美药业,4.04,3.32,64081.92,100503.1,259173.83,334040.36
44,002040,南 京 港,0.73,2.29,2916.63,3690.61,2123.08,8461.13
45,600089,特变电工,1.73,1.78,102046.5,122923.82,176663.35,219034.82
46,000028,国药一致,2.94,3.59,24623.8,33030.75,72281.23,118660.19
47,002410,广联达,1.29,1.52,17708.04,27873.38,22875.64,42309.6
48,600771,广誉远,0.15,0.41,29524.75,29971.65,4507.05,12281.01
49,002051,中工国际,2.33,2.76,30565.19,46312.89,71174.59,127960.73
50,002259,升达林业,0.61,-4.44,1559.22,-1607.97,956.69,7138.27
51,002595,豪迈科技,3.48,3.37,16259.68,21289.36,56574.99,71766.57
52,600835,上海机电,1.76,2.04,64913.31,71148.03,114285.79,144909.1
53,002589,瑞康医药,6.78,7.03,5494.55,8405.73,37239.35,59075.89
54,000756,新华制药,1.11,1.61,8001.23,7602.37,8918.02,12227.15
55,000963,华东医药,4.08,3.79,29329.91,38148.5,119531.18,144659.17
56,600987,航民股份,2.05,2.05,17381.24,26460.1,35711.75,54281.05
57,000089,深圳机场,0.78,0.86,52774.19,65730.95,40934.94,56243.09
58,601668,中国建筑,2.58,2.21,960152.3,1353697.1,2476562.3,2987010.4
59,000069,华侨城Ａ,1.93,2.17,151434.02,317716.28,291699.5,688841.79
60,002195,二三四五,7.6,9.77,4818.64,6497.02,36625.51,63496.56
61,600976,健民集团,0.91,0.83,6198.5,7825.14,5623.96,6465.56
62,600663,陆家嘴,1.33,2.69,101524.26,98492.93,135221.77,264873.6
63,300223,北京君正,0.13,0.11,6208.55,6426.51,814.53,705.21
64,600867,通化东宝,1.22,1.76,40881.67,36398.15,50046.95,64092.34
65,300244,迪安诊断,6.18,6.23,3043.95,4220.83,18813.21,26276.09
66,002294,信立泰,3.63,3.45,28620.18,40524.94,103957.83,139641.42
67,600060,海信电器,1.29,1.04,88611.05,168906.71,113977.81,175886.9
68,000553,沙隆达Ａ,0.57,-1.41,3618.85,5286.4,2050.03,-7449.0
69,600176,中国巨石,5.84,5.2,19559.46,29229.41,114181.91,152103.51
70,002185,华天科技,2.92,4.95,9972.47,7895.61,29144.11,39092.07
71,600966,博汇纸业,0.59,1.57,18252.47,12829.42,10713.09,20131.96
72,600828,茂业商业,3.27,2.9,14024.12,19573.04,45806.04,56802.79
73,600729,重庆百货,0.83,0.69,47613.6,60469.84,39538.59,41871.09
74,600628,新世界,0.29,1.18,14116.34,21368.41,4107.73,25272.05
75,601880,大连港,0.66,0.8,52266.91,66633.76,34558.37,53101.27
76,000895,双汇发展,11.78,7.8,27826.75,56489.3,327706.76,440505.64
77,000927,一汽夏利,-7.59,1.48,10869.71,10937.63,-82522.41,16232.7
78,002363,隆基机械,1.11,1.11,4749.1,5412.32,5289.98,6015.6
79,000888,峨眉山Ａ,1.26,1.32,11509.78,14509.96,14470.45,19119.95
80,600660,福耀玻璃,1.86,2.08,116730.98,151260.69,217540.29,314422.73
81,600138,中青旅,1.99,1.81,22054.1,26726.29,43867.92,48351.53
82,600196,复星医药,2.04,2.41,106754.66,116560.76,217688.87,280583.71
83,300122,智飞生物,0.05,0.17,12898.11,19638.36,676.13,3252.03
84,601186,中国铁建,1.83,1.78,498978.0,785429.2,912333.1,1399961.0
85,000026,飞亚达Ａ,0.79,0.69,13739.11,15945.78,10832.13,11066.27
86,600742,一汽富维,1.11,1.0,30684.08,42809.2,34128.57,42726.88
87,002517,恺英网络,12.68,17.18,3406.03,3968.38,43184.35,68174.26
88,002001,新 和 成,0.9,1.03,94076.11,116439.26,84535.75,120263.35
89,000417,合肥百货,0.6,0.56,38720.54,50465.15,23071.26,28347.66
90,002083,孚日股份,1.42,2.8,17019.85,13489.36,24168.74,37816.2
91,601139,深圳燃气,2.2,1.9,34060.73,40530.43,74847.46,77200.96
92,000738,航发控制,1.19,1.15,13313.71,18122.44,15888.43,20884.44
93,002032,苏 泊 尔,2.11,2.27,35254.68,47564.02,74214.01,107751.92
94,600557,康缘药业,1.8,2.05,16275.38,18250.81,29299.2,37374.1
95,600315,上海家化,1.55,0.6,28001.99,36125.4,43342.77,21601.67
96,600188,兖州煤业,0.17,0.24,612952.96,862278.88,101801.2,206458.5
97,300030,阳普医疗,0.86,0.85,2502.36,3567.49,2151.49,3047.74
98,600528,中铁工业,0.28,0.32,41249.38,52330.38,11498.27,16786.48
99,600056,中国医药,4.3,3.52,17360.67,26900.38,74592.75,94813.73
100,600438,通威股份,7.73,12.24,11663.96,8371.14,90161.5,102472.44
101,002234,民和股份,1.32,0.82,18923.45,18705.98,24996.42,15378.98
102,002521,齐峰新材,1.97,1.82,4788.8,7819.58,9448.21,14193.28
103,002433,太安堂,3.58,3.28,4587.89,7415.26,16422.09,24332.76
104,600017,日照港,0.58,0.37,39817.81,48062.51,23096.97,17624.32
105,002490,*ST墨龙,-1.65,-3.64,13305.04,16833.03,-21897.21,-61247.64
106,600435,北方导航,1.56,3.72,245.3,1154.67,381.9,4289.85
107,300113,顺网科技,9.31,8.18,4251.32,6369.01,39598.11,52100.91
108,002644,佛慈制药,1.89,1.9,2467.37,3206.07,4670.83,6092.62
109,000759,中百集团,-0.91,0.02,19157.37,26678.24,-17482.14,646.6
110,000726,鲁 泰Ａ,0.81,0.95,71665.98,84852.81,58116.11,80544.63
111,002199,东晶电子,-7.51,2.88,1182.86,561.93,-8884.2,1619.67
112,000999,华润三九,1.52,1.58,57079.94,76044.76,86929.8,119784.06
113,000931,中 关 村,0.12,0.66,4581.19,4163.76,564.37,2735.81
114,600062,华润双鹤,1.49,1.35,40364.01,52899.86,60151.55,71421.09
115,600422,昆药集团,3.58,3.13,9226.15,13012.29,33041.81,40725.61
116,300196,长海股份,4.72,4.42,4114.15,5833.28,19418.25,25762.73
117,600211,西藏药业,9.78,9.67,1206.78,2051.43,11801.02,19828.95
118,000799,酒鬼酒,0.76,0.56,8599.19,19261.87,6551.65,10858.44
119,600571,信雅达,3.48,2.31,2467.99,5296.64,8585.98,12261.34
120,601238,广汽集团,2.15,1.47,260275.16,427161.9,560862.21,628821.59
121,002359,齐星铁塔,-2.18,-1.89,2347.35,2566.03,-5105.75,-4841.51
122,600699,均胜电子,-74.03,2.99,-544.99,15164.41,40343.96,45369.38
123,601601,中国太保,1.26,1.45,701800.0,831300.0,882900.0,1205700.0
124,000031,中粮地产,0.62,1.71,12387.85,42199.57,7672.45,72015.39
125,000922,*ST佳电,8.95,9.37,-3067.79,-4662.26,-27462.77,-43666.84
126,601607,上海医药,1.43,1.57,171302.27,204223.85,245716.88,319639.46
127,000811,烟台冰轮,1.81,1.91,13478.48,15766.23,24458.83,30088.55
128,000676,智度股份,-10.47,-3.98,-1434.84,-7941.29,15018.05,31611.38
129,601179,中国西电,-9.55,-2.18,-7901.08,-51812.0,75472.53,112789.08
130,300125,易世达,-0.62,-1.2,4607.37,5179.06,-2836.56,-6225.83
131,000338,潍柴动力,0.33,0.44,458135.38,559692.72,150413.05,244118.86
132,601311,骆驼股份,1.5,1.61,21547.89,32043.71,32413.32,51533.93
133,002536,西泵股份,1.42,1.59,5537.36,6788.98,7857.0,10785.72
134,300052,中青宝,0.68,-2.68,1238.56,1854.27,841.65,-4972.93
135,002085,万丰奥威,4.8,4.28,14773.9,22391.61,70878.76,95796.14
136,000637,茂化实华,2.24,8.31,1511.6,739.13,3387.9,6140.64
137,002028,思源电气,2.54,2.28,9386.02,15381.66,23811.06,35142.51
138,002229,鸿博股份,-0.28,0.22,4243.19,5804.55,-1202.97,1268.01
139,300216,千山药机,0.51,3.99,3706.93,5155.1,1885.4,20579.41
140,002594,比亚迪,10.39,3.65,35273.0,138462.5,366412.6,505215.4
141,601333,广深铁路,0.73,0.64,149159.43,180410.79,108943.57,115825.38
142,002279,久其软件,24.5,3.56,311.17,6139.17,7622.45,21860.97
143,600216,浙江医药,0.5,0.44,80857.02,101247.63,40506.2,45010.2
144,002307,北新路桥,0.52,0.76,5036.65,5276.11,2619.68,4015.22
145,600858,银座股份,0.53,0.19,6757.98,11566.49,3605.12,2207.58
146,002449,国星光电,1.47,1.6,8903.29,12050.78,13089.78,19232.02
147,002136,安 纳 达,0.35,0.75,5494.25,5663.94,1904.85,4251.11
148,300182,捷成股份,11.53,9.3,5319.57,10333.82,61349.19,96145.26
149,000622,*ST恒立,1.45,-1.4,-1311.27,-3435.06,-1896.25,4799.91
150,600271,航天信息,1.27,1.56,74466.86,98706.05,94406.51,153593.98
151,300169,天晟新材,0.28,0.33,4392.84,5481.76,1243.49,1819.18
152,600426,华鲁恒升,2.33,2.47,27727.51,35469.66,64467.38,87549.05
153,000503,海虹控股,-21.01,1.56,405.34,1800.07,-8514.5,2802.12
154,002262,恩华药业,2.91,2.93,8721.22,10564.71,25416.85,30974.3
155,600130,波导股份,0.45,0.51,4815.32,6015.19,2173.22,3080.75
156,002563,森马服饰,1.24,1.17,80833.43,122342.07,100196.77,142650.99
157,002235,安妮股份,1.82,2.8,606.5,417.07,1102.08,1165.95
158,600620,天宸股份,-2.71,4.32,-1924.56,1392.57,5211.9,6018.52
159,603009,北特科技,1.36,1.38,2815.62,4038.21,3815.99,5576.62
160,600353,旭光股份,4.03,14.8,842.69,294.38,3395.37,4357.53
161,002034,美 欣 达,0.22,0.25,7248.34,7991.71,1572.71,2019.79
162,600525,长园集团,0.82,0.96,55443.55,66486.33,45315.39,64005.76
163,600012,皖通高速,1.09,1.09,64546.77,85672.8,70076.14,93325.76
164,002502,骅威文化,3.51,6.31,4477.21,4802.72,15711.91,30301.85
165,000792,盐湖股份,0.11,0.14,241975.32,248113.11,26024.84,34126.47
166,300221,银禧科技,3.79,2.93,3909.76,5215.14,14826.25,15299.3
167,000151,中成股份,12.84,-9.17,588.34,-1100.37,7554.14,10087.99
168,000703,恒逸石化,0.27,0.43,185958.75,191955.52,50280.01,83033.74
169,000035,中国天楹,-4.95,-9.7,-2728.38,-2181.83,13514.65,21172.45
170,000900,现代投资,0.9,1.0,60236.58,82208.07,54079.32,82168.31
171,002148,北纬通信,6.13,6.76,765.99,1165.83,4692.11,7883.05
172,601901,方正证券,12.12,10.0,21982.89,25691.71,266524.71,256933.69
173,002592,八菱科技,1.55,1.63,5836.98,7870.61,9073.94,12841.34
174,300156,神雾环保,5.81,9.27,7763.23,7611.39,45068.94,70575.74
175,300285,国瓷材料,2.87,2.96,3233.57,4406.61,9285.89,13039.66
176,000603,盛达矿业,-21.55,0.58,-672.24,35121.62,14489.64,20209.71
177,002020,京新药业,8.01,7.28,2500.55,2911.95,20041.87,21194.63
178,600753,东方银星,2.69,-0.23,-165.85,-1150.54,-446.79,262.29
179,600338,西藏珠峰,-19.13,-13.66,-2347.81,-4761.58,44913.85,65025.7
180,601390,中国中铁,2.55,1.87,362692.3,669001.5,924540.3,1250916.5
181,002603,以岭药业,1.47,1.19,29570.57,45407.11,43526.71,54202.32
182,002491,通鼎互联,3.48,3.38,11277.51,15932.33,39259.44,53896.34
183,300256,星星科技,2.1,2.54,4304.84,5747.81,9041.65,14605.19
184,600377,宁沪高速,1.28,1.38,190428.74,242975.02,243965.63,334606.39
185,002218,拓日新能,-2.14,-0.92,-3942.17,-13969.15,8439.26,12871.21
186,000598,兴蓉环境,1.64,1.49,46383.65,58774.95,75919.24,87421.51
187,000591,太阳能,22.93,62.35,1779.02,1047.79,40784.11,65324.93
188,000707,双环科技,-0.6,-1.77,33236.14,35385.25,-20101.94,-62807.15
189,000928,中钢国际,76.86,318.39,480.06,160.94,36899.52,51241.29
190,002230,科大讯飞,4.0,3.65,6968.97,13262.89,27847.52,48443.04
191,600816,安信信托,23.05,15.55,10025.47,19509.14,231068.2,303394.74
192,002555,三七互娱,20.17,26.3,3728.96,4069.2,75217.84,107016.23
193,000333,美的集团,6.38,4.26,200649.06,344910.04,1280799.3,1468435.7
194,002186,全 聚 德,1.27,1.08,10224.21,12917.56,12966.45,13958.98
195,600141,兴发集团,0.41,0.44,19228.46,23246.25,7857.04,10201.76
196,002289,*ST宇顺,-11.92,1.44,1822.88,2080.19,-21730.47,2985.5
197,002116,中国海诚,1.21,1.48,6650.12,9059.54,8049.6,13427.28
198,002414,高德红外,0.78,0.69,5338.62,10335.43,4189.41,7085.75
199,000068,华控赛格,0.81,-0.24,-3846.79,-4086.43,-3121.03,997.52
200,600665,天地源,-0.87,1.01,19577.52,22786.42,-17032.05,23032.81
201,300339,润和软件,3.46,6.54,2751.48,4638.5,9520.63,30357.91
202,002206,海 利 得,1.37,1.28,16985.05,19970.03,23184.6,25510.96
203,600310,桂东电力,0.99,2.0,10503.97,10474.75,10352.87,20940.02
204,600768,宁波富邦,-6.56,-3.72,292.06,-492.58,-1915.05,1831.38
205,600300,维维股份,0.73,0.46,13152.48,15339.8,9641.45,7012.53
206,002178,延华智能,3.33,-4.73,1188.5,-939.6,3960.45,4446.38
207,000550,江铃汽车,0.74,0.7,147957.4,187091.83,109355.34,131801.61
208,600511,国药股份,1.81,2.02,24034.9,27126.12,43524.17,54760.69
209,000829,天音控股,5.03,4.41,1218.98,5066.43,6137.22,22342.68
210,300036,超图软件,2.44,2.73,1431.1,4676.11,3486.68,12745.02
211,600125,铁龙物流,0.49,0.48,39013.22,50365.13,19289.5,24156.11
212,600166,福田汽车,0.26,0.49,88717.42,115244.25,23209.76,56682.83
213,000735,罗 牛 山,4.49,1.33,1786.13,5995.58,8011.44,7988.14
214,300059,东方财富,6.91,6.7,8320.05,10652.82,57503.2,71376.88
215,600782,新钢股份,0.9,2.95,30650.33,17040.99,27595.22,50292.27
216,300039,上海凯宝,1.98,1.69,13117.06,16756.33,25994.46,28260.68
217,600398,海澜之家,26.93,30.31,8964.37,10301.36,241442.39,312264.73
218,600738,兰州民百,1.36,1.33,4022.69,4701.51,5456.92,6243.88
219,600070,浙江富润,0.19,2.68,3120.11,3750.98,585.57,10064.87
220,002393,力生制药,0.28,0.36,28623.01,32476.92,7902.52,11560.63
221,002383,合众思壮,0.33,2.17,3465.47,4450.92,1137.75,9644.97
222,000533,万 家 乐,0.21,3.23,7645.24,7025.1,1602.03,22665.79
223,300103,达刚路机,0.5,0.36,4114.41,6562.35,2056.73,2364.37
224,002378,章源钨业,0.03,0.16,23534.82,28690.98,679.02,4712.07
225,000753,漳州发展,0.36,2.66,4481.58,7679.27,1619.36,20397.09
226,600886,国投电力,10.21,15.11,33376.9,25925.61,340923.18,391644.76
227,600206,有研新材,6.19,7.6,470.48,629.78,2911.4,4789.38
228,600539,狮头股份,0.14,0.04,-27252.43,-27760.58,-3835.28,-1047.95
229,600258,首旅酒店,1.85,2.16,8457.95,9757.58,15686.94,21093.85
230,000985,大庆华科,1.0,1.33,2092.27,2503.63,2087.25,3334.2
231,002084,海鸥卫浴,3.0,9.92,2087.63,856.68,6261.37,8497.55
232,000545,金浦钛业,-6.12,-21.73,-790.56,-556.03,4838.8,12080.38
233,000002,万 科Ａ,2.31,2.18,358391.02,962487.53,826238.1,2102260.63
234,000988,华工科技,0.81,1.09,20762.69,21095.98,16764.58,22980.98
235,002182,云海金属,6.28,44.76,1866.0,378.21,11717.92,16930.22
236,300224,正海磁材,0.62,0.91,18004.05,21008.08,11229.19,19089.4
237,601633,长城汽车,2.83,3.08,255122.53,342619.51,720858.29,1055115.89
238,002252,上海莱士,8.87,8.05,13906.47,20035.46,123345.91,161315.36
239,000050,深天马Ａ,7.68,5.63,4919.57,10113.33,37767.8,56917.74
240,600761,安徽合力,1.04,1.03,29078.46,38586.64,30323.4,39568.4
241,002482,广田集团,1.52,1.43,19618.82,28099.38,29784.1,40272.19
242,600348,阳泉煤业,0.06,0.15,226712.61,281059.39,12697.46,42904.83
243,002215,诺 普 信,-1.71,-3.4,12435.85,8134.31,-21325.91,-27624.67
244,601002,晋亿实业,0.39,1.03,11244.7,6883.09,4422.75,7119.05
245,600259,广晟有色,-0.75,0.15,15706.16,17318.27,-11822.89,2632.0
246,002419,天虹股份,0.82,0.91,44083.56,57390.54,36306.11,52411.06
247,002358,森源电气,3.41,2.53,8676.77,13055.9,29562.86,33055.74
248,601216,君正集团,2.06,2.74,48042.22,57905.49,99112.65,158391.84
249,600058,五矿发展,0.03,0.05,85915.34,53780.19,2988.63,2895.45
250,002365,永安药业,0.92,0.89,5511.54,6976.82,5054.09,6229.7
251,002544,杰赛科技,0.73,1.38,3543.8,7708.84,2592.25,10644.69
252,300278,华昌达,2.02,2.49,3782.54,4682.18,7627.14,11647.07
253,601872,招商轮船,8.84,10.64,20015.95,16251.56,176926.92,172996.87
254,000761,本钢板材,0.74,0.98,77973.07,79582.52,57461.56,78127.48
255,002187,广百股份,0.77,0.74,15128.73,21362.11,11666.31,15765.42
256,300233,金城医药,2.17,2.85,4541.15,5599.11,9859.79,15939.02
257,600820,隧道股份,3.4,3.2,30843.12,51719.01,104904.13,165298.73
258,000733,振华科技,4.74,4.3,3443.16,4225.02,16319.09,18150.27
259,300147,香雪制药,1.33,0.79,5794.28,8349.69,7678.32,6602.41
260,600545,新疆城建,-2.61,-1.42,8518.48,16050.34,-22244.46,-22799.4
261,600372,中航电子,0.83,1.12,26606.31,41086.53,22190.79,46041.36
262,002376,新北洋,1.54,1.39,9020.19,16388.57,13853.49,22712.66
263,601018,宁波港,1.0,0.93,188220.3,246821.7,188671.9,229892.0
264,600837,海通证券,2.33,2.59,272859.64,310303.42,636440.67,804333.45
265,600857,宁波中百,0.54,0.62,6139.86,6903.66,3286.9,4249.91
266,600644,乐山电力,3.15,2.66,7832.35,7961.39,24634.65,21147.2
267,300112,万讯自控,1.17,1.09,1690.02,2458.36,1977.16,2670.52
268,002538,司尔特,1.75,1.51,11777.45,16194.23,20624.27,24395.68
269,600649,城投控股,2.11,1.91,90476.04,109900.82,190512.11,209474.29
270,002256,兆新股份,4.16,5.47,2185.72,2119.17,9095.14,11593.49
271,600030,中信证券,2.38,0.82,333339.28,1257648.28,794094.74,1036516.86
272,600804,鹏博士,4.05,4.88,14994.27,15694.96,60677.24,76661.3
273,600391,成发科技,0.79,0.9,5033.62,4709.99,3970.06,4255.0
274,600756,浪潮软件,5.63,9.5,729.95,1215.35,4111.02,11547.89
275,000055,方大集团,2.15,10.66,5305.16,6550.39,11425.65,69795.64
276,300130,新国都,1.88,1.84,4192.57,7574.19,7874.56,13902.17
277,002315,焦点科技,0.38,0.68,11912.23,16309.86,4483.52,11104.59
278,600415,小商品城,1.47,1.64,56392.59,64603.36,83080.03,106027.46
279,601958,金钼股份,-0.07,0.07,50156.11,73612.68,-3495.13,5389.81
280,000609,绵石投资,0.81,0.81,15449.99,16521.29,12530.49,13311.34
281,002474,榕基软件,0.27,0.21,7580.0,11947.67,2036.63,2484.53
282,300174,元力股份,0.91,1.21,2477.62,3518.03,2243.48,4254.78
283,000833,贵糖股份,-0.05,0.36,9734.26,10622.02,-522.65,3873.81
284,002487,大金重工,1.63,1.34,3958.2,5327.38,6449.62,7138.45
285,002366,台海核电,7.18,6.57,4925.45,5967.6,35373.2,39233.42
286,600973,宝胜股份,29.17,14.77,610.76,1798.56,17816.61,26566.91
287,300498,温氏股份,2.33,2.54,465544.85,463824.79,1083709.68,1178987.93
288,600175,美都能源,1.05,1.2,7779.33,12432.23,8168.09,14912.9
289,002048,宁波华翔,1.91,2.51,23946.5,28417.37,45842.75,71388.56
290,600298,安琪酵母,1.55,1.79,24754.27,29842.04,38277.91,53509.2
291,000717,韶钢松山,-5.41,-0.09,2084.31,-113821.56,-11271.33,10142.73
292,600226,升华拜克,2.77,2.46,9597.32,9560.36,26561.85,23561.06
293,000060,中金岭南,0.23,0.34,71533.34,95074.9,16386.81,32322.88
294,300238,冠昊生物,1.47,1.62,2093.72,4042.25,3074.79,6537.11
295,300271,华宇软件,3.32,3.35,5385.19,8117.24,17870.45,27169.42
296,300019,硅宝科技,1.76,1.8,3828.19,5028.65,6750.56,9064.42
297,600308,华泰股份,1.21,2.21,9870.09,8239.16,11920.53,18203.49
298,600595,中孚实业,0.74,0.29,23410.31,20125.34,17353.14,5799.92
299,600780,通宝能源,0.39,0.27,28086.56,37297.5,11089.66,10198.49
300,002063,远光软件,0.94,0.62,10136.54,21176.08,9524.38,13137.43
301,000400,许继电气,2.6,5.55,9426.41,15650.29,24465.78,86892.5
302,000926,福星股份,1.84,1.11,36358.74,52252.17,66846.91,58105.62
303,600705,中航资本,520.23,527.89,321.03,440.27,167008.75,232414.49
304,600614,鹏起科技,3.19,1.7,6124.8,5403.33,19565.03,9169.23
305,000610,西安旅游,0.08,0.39,2161.92,2753.58,167.8,1071.33
306,600006,东风汽车,0.73,0.47,31155.33,46413.92,22719.67,21885.45
307,300054,鼎龙股份,4.45,4.58,3905.63,5247.71,17366.84,24010.18
308,600713,南京医药,104.48,-0.99,123.25,-18261.67,12877.58,18027.18
309,600819,耀皮玻璃,0.38,2.92,11021.03,7743.71,4177.12,22577.46
310,600748,上实发展,0.88,1.3,36064.32,45484.97,31610.12,59186.03
311,600029,南方航空,1.09,1.0,588700.0,507500.0,644100.0,505500.0
312,600836,界龙实业,1.17,-1.58,87.9,694.98,103.21,-1098.34
313,600212,江泉实业,3.79,2.77,1458.05,1605.57,5523.89,4455.11
314,600652,游久游戏,7.61,5.19,371.94,2258.54,2831.86,11732.0
315,000612,焦作万方,0.12,0.26,35665.52,38128.38,4242.22,9922.36
316,002390,信邦制药,6.38,5.34,3134.22,4607.88,20000.18,24601.28
317,002690,美亚光电,2.43,2.33,8947.97,13254.79,21768.93,30933.33
318,600650,锦江投资,0.88,0.97,20225.63,24344.05,17800.12,23700.51
319,000719,大地传媒,3.98,4.69,11488.2,14360.43,45763.36,67307.33
320,600178,东安动力,40.23,2.32,178.45,3383.04,7178.51,7854.68
321,300167,迪威视讯,-2.44,1.04,1182.83,2836.07,-2890.97,2938.57
322,600160,巨化股份,0.04,0.09,158638.93,174672.11,7066.75,15123.0
323,600182,S佳通,3.77,1.97,3174.67,7667.72,11952.66,15115.83
324,300121,阳谷华泰,8.82,10.15,1358.03,1545.17,11981.54,15677.84
325,002493,荣盛石化,0.82,1.19,150176.74,162008.04,122820.32,192078.77
326,300197,铁汉生态,3.29,3.72,8773.62,14025.28,28841.25,52206.56
327,601012,隆基股份,4.47,5.45,24552.04,28411.03,109858.37,154723.58
328,600009,上海机场,1.86,1.87,113285.79,149959.46,210473.46,280565.07
329,300362,天翔环境,3.27,4.12,1802.42,3072.34,5901.96,12659.41
330,300161,华中数控,-1.67,0.47,2116.01,2834.26,-3523.5,1331.83
331,600763,通策医疗,2.17,1.95,5695.21,7000.25,12376.5,13616.47
332,600420,现代制药,1.68,3.97,6556.07,12003.25,10991.93,47693.37
333,601939,建设银行,1.39,1.37,13901200.0,16925800.0,19383500.0,23146000.0
334,601866,中远海发,0.4,-0.13,-158156.88,-274346.93,-63491.8,36859.22
335,601801,皖新传媒,2.55,2.67,28017.96,39660.06,71341.48,105867.11
336,601113,华鼎股份,0.19,0.52,15280.19,13869.99,2868.64,7273.31
337,601106,中国一重,-19.73,-13.56,9900.21,42298.37,-195301.05,-573401.85
338,601005,*ST重钢,-155.22,3.19,1991.6,-147108.2,-309126.4,-468595.6
339,600986,科达股份,13.41,15.91,2256.9,2613.04,30255.31,41576.12
340,600859,王府井,0.97,0.99,45290.51,58262.73,43866.18,57483.4
341,600823,世茂股份,2.46,1.79,57489.41,118371.93,141267.62,211883.28
342,600808,马钢股份,2.34,17.66,32465.74,6957.81,75942.86,122889.24
343,600794,保税科技,0.33,0.17,10968.2,14451.34,3631.48,2466.3
344,600770,综艺股份,0.13,0.16,31260.17,31615.55,4090.72,5123.26
345,600767,运盛医疗,2.13,-2.45,-2063.94,2319.01,-4403.67,-5688.06
346,600681,百川能源,11.88,22.04,2396.74,2501.17,28476.88,55117.41
347,600673,东阳光科,0.28,0.38,25379.45,28726.53,7065.75,10948.39
348,600671,天目药业,-0.71,0.05,66.63,2643.92,-47.53,121.72
349,600639,浦东金桥,1.27,1.36,37244.63,45259.42,47254.35,61674.82
350,600634,富控互动,-9.61,30.04,-433.61,573.6,4166.67,17231.04
351,600609,金杯汽车,-12.06,-6.71,577.28,3104.81,-6959.18,-20841.52
352,600602,云赛智联,1.63,1.56,13930.93,15203.18,22656.16,23772.06
353,600598,北大荒,2.55,1.67,31259.08,44085.15,79653.15,73510.7
354,600590,泰豪科技,1.42,2.29,4737.31,5397.63,6733.2,12382.92
355,600551,时代出版,1.45,1.48,20910.8,27271.2,30360.77,40259.03
356,600506,香梨股份,0.59,-1.7,-790.46,508.39,-464.03,-862.59
357,600505,西昌电力,0.26,0.31,16898.7,18367.89,4415.72,5603.2
358,600469,风神股份,0.84,0.36,21597.9,23410.21,18124.02,8455.14
359,600462,九有股份,-0.05,-0.01,-7683.61,-76022.82,393.03,673.78
360,600439,瑞贝卡,0.62,0.7,18934.28,24625.89,11828.07,17160.66
361,600418,江淮汽车,1.5,1.88,54498.49,61763.82,81751.77,116196.57
362,600409,三友化工,0.99,1.3,57633.03,58666.53,57023.93,76286.0
363,600406,国电南瑞,1.88,1.69,40878.85,85476.76,76773.48,144717.65
364,600387,海越股份,-0.04,4.55,1138.27,879.33,-47.25,4002.59
365,600277,亿利洁能,1.07,0.77,20262.68,33739.82,21755.35,25843.43
366,600255,鑫科材料,-2.95,5.62,2702.42,3410.05,-7981.94,19176.91
367,600228,*ST昌九,0.27,-2.56,-8730.33,1446.94,-2374.0,-3709.08
368,600151,航天机电,0.68,13.55,13778.74,1479.15,9347.02,20045.26
369,600136,当代明诚,59.02,10.19,93.25,1198.65,5503.75,12218.42
370,600111,北方稀土,0.01,0.03,312942.08,347842.35,3433.76,9083.56
371,600050,中国联通,0.35,0.11,140582.36,141224.57,48876.3,15407.41
372,300268,万福生科,-0.16,0.1,5109.31,6026.86,-814.8,587.97
373,300254,仟源医药,0.9,0.85,3219.18,3534.4,2907.39,3014.77
374,300240,飞力达,1.09,0.8,5691.07,8256.35,6188.41,6612.59
375,300235,方直科技,0.94,0.74,1932.69,2494.77,1817.5,1841.26
376,300212,易华录,4.34,2.15,1920.48,6551.52,8331.4,14110.56
377,300198,纳川股份,0.56,0.86,5847.75,7417.06,3290.71,6386.81
378,300163,先锋新材,1.64,1.84,2807.49,3682.09,4597.89,6792.31
379,300149,量子高科,2.87,2.36,1876.13,2750.13,5392.45,6498.1
380,300134,大富科技,0.23,0.67,21031.0,18720.82,4782.27,12466.69
381,300110,华仁药业,0.24,0.27,5947.41,8756.09,1404.78,2394.62
382,300092,科新机电,0.73,1.2,1850.04,2659.42,1343.45,3188.97
383,300089,文化长城,2.45,3.62,4471.79,3774.14,10947.11,13679.72
384,300088,长信科技,1.78,2.28,12927.97,15253.01,23022.63,34709.78
385,300066,三川智慧,2.59,2.13,4383.9,6259.4,11361.26,13357.63
386,002699,美盛文化,3.17,3.93,4725.51,4829.64,15001.45,18995.86
387,002691,冀凯股份,0.34,0.17,2705.57,5052.74,907.24,835.52
388,002685,华东重机,0.32,0.38,5056.64,7839.09,1604.17,2971.79
389,002650,加加食品,1.68,0.95,7604.74,15772.04,12782.21,15009.84
390,002642,荣之联,1.18,3.36,4784.84,7140.56,5669.81,24010.41
391,002640,跨境通,6.51,5.73,4190.23,6870.73,27281.81,39376.82
392,002625,龙生股份,1.25,1.54,2987.89,4274.62,3748.22,6594.25
393,002619,巨龙管业,5.15,4.22,2390.69,5071.23,12321.92,21416.15
394,002583,海能达,1.71,2.75,6048.4,14601.97,10372.21,40182.84
395,002578,闽发铝业,0.28,0.31,3960.63,5766.28,1090.89,1767.26
396,002575,群兴玩具,0.39,0.24,5174.06,5237.27,1995.71,1276.43
397,002569,步森股份,-0.9,0.12,3104.04,5283.36,-2790.28,659.96
398,002547,春兴精工,3.03,3.52,4439.04,4639.59,13449.22,16345.32
399,002526,山东矿机,-0.37,0.08,9481.73,13829.81,-3548.03,1068.74
400,002513,蓝丰生化,1.14,1.28,7702.17,8346.48,8766.5,10718.06
401,002453,天马精化,0.21,-4.05,5527.61,7578.13,1152.15,-30704.57
402,002426,胜利精密,8.55,6.1,6796.37,7043.32,58101.51,42942.11
403,002423,*ST中特,-1.54,0.06,5797.62,9074.36,-8953.03,519.79
404,002417,三元达,-1.93,-1.64,3762.47,6416.85,-7274.83,-10543.58
405,002319,乐通股份,0.31,0.05,1558.12,1827.34,490.3,88.17
406,002299,圣农发展,1.61,1.45,31207.81,46845.48,50308.26,67872.8
407,002282,博深工具,0.27,0.18,5124.37,6751.81,1386.67,1248.45
408,002255,海陆重工,0.51,0.54,10053.1,13970.67,5140.08,7535.26
409,002245,澳洋顺昌,1.97,2.06,7809.4,9999.31,15406.47,20562.14
410,002191,劲嘉股份,1.55,1.47,28526.83,38899.31,44090.61,57072.14
411,002181,粤 传 媒,-25.11,17.28,958.7,1097.16,-24074.57,18953.67
412,002129,中环股份,1.63,2.2,21462.27,18258.73,35068.08,40200.63
413,002120,韵达股份,4.91,56.11,1251.26,2098.19,6137.87,117722.43
414,002082,栋梁新材,0.44,0.44,12761.02,15864.41,5665.98,6973.56
415,002075,沙钢股份,0.53,0.79,24971.38,27766.03,13142.28,21999.55
416,002061,江山化工,1.57,8.69,2643.17,762.75,4161.2,6627.97
417,002050,三花智控,2.3,2.34,29150.81,36588.39,67162.06,85745.53
418,002015,霞客环保,-1.34,-1.78,2106.19,2319.09,-2812.22,-4124.19
419,002012,凯恩股份,-0.16,0.07,9852.64,11813.83,-1586.06,868.91
420,000935,四川双马,0.38,0.52,12260.66,16265.07,4637.9,8453.89
421,000898,鞍钢股份,4.09,-0.75,23900.0,-214600.0,97700.0,161600.0
422,000892,欢瑞世纪,-0.53,420.22,110.72,63.08,-58.81,26507.31
423,000885,同力水泥,0.01,0.18,14834.22,24074.04,214.33,4269.42
424,000838,财信发展,-7.19,-4.04,-1176.54,-2756.45,8455.24,11130.79
425,000821,京山轻机,5.65,27.18,791.37,314.04,4472.88,8536.3
426,000812,陕西金叶,0.59,0.52,3627.75,6745.55,2153.45,3492.67
427,000758,中色股份,1.23,0.77,16583.54,38364.07,20389.78,29601.33
428,000716,黑芝麻,6.78,1.32,891.91,1232.16,6046.95,1631.61
429,000673,当代东方,-8.27,-7.4,-1640.41,-2397.01,13569.3,17747.05
430,000558,莱茵体育,0.4,0.41,5200.29,6162.42,2098.14,2519.22
431,000526,*ST紫学,-7.15,-22.17,497.46,445.13,-3557.81,-9868.32
432,000408,*ST金源,41.9,124.08,1116.56,734.85,46779.88,91180.98
433,000034,神州数码,25.57,24.32,1305.42,1660.22,33382.49,40379.52
434,000032,深桑达Ａ,3.27,2.23,1745.6,2721.86,5707.73,6071.29
435,000029,深深房Ａ,2.73,3.08,8669.77,10120.01,23687.51,31156.74
436,000008,神州高铁,-492.61,-967.31,-44.03,-53.95,21689.79,52186.62
437,000007,全新好,-126.65,13.68,15.84,570.17,-2006.12,7801.9
438,002485,希努尔,0.13,0.04,9431.27,19907.07,1213.62,746.86
439,600325,华发股份,1.4,1.32,27148.51,77005.32,37970.93,101838.19
440,600666,奥瑞德,2.76,13.02,3879.13,3575.22,10710.28,46531.88
441,002626,金达威,1.58,2.27,12361.1,13212.48,19551.86,29976.79
442,002131,利欧股份,5.69,4.9,7651.7,11649.06,43564.28,57101.18
443,000062,深圳华强,6.82,8.62,3947.77,4941.47,26907.98,42586.09
444,600641,万业企业,1.97,4.75,10997.05,15122.87,21717.66,71842.21
445,601628,中国人寿,0.81,1.04,1671700.0,1833100.0,1352800.0,1912700.0
446,600885,宏发股份,-7.22,-4.26,-6627.57,-13647.0,47836.06,58176.85
447,601688,华泰证券,3.61,3.51,133219.15,178442.88,481015.09,627061.15
448,000776,广发证券,3.97,3.89,155966.62,206367.85,618505.65,803010.66
449,600999,招商证券,2.14,2.69,185707.92,200829.4,397847.39,540345.06
450,000739,普洛药业,-18.0,31.87,-958.39,824.94,17254.36,26289.71
451,600123,兰花科创,-0.2,-0.4,118173.84,166262.78,-23626.37,-66004.22
452,002208,合肥城建,0.52,0.68,12911.35,16096.42,6657.51,10875.94
453,002244,滨江集团,7.9,1.78,12858.49,78398.73,101627.84,139880.7
454,002153,石基信息,1.65,1.47,16029.18,26411.37,26461.08,38879.03
455,002568,百润股份,-3.14,-3.16,3325.61,4648.17,-10444.14,-14702.19
456,000987,越秀金控,1.45,1.69,26294.15,36709.96,38241.13,62049.58
457,000639,西王食品,1.25,1.18,9271.6,11409.64,11633.83,13481.51
458,600493,凤竹纺织,10.05,-3.36,142.93,-1677.78,1436.84,5642.09
459,300033,同花顺,14.44,19.63,5002.37,6173.16,72227.82,121157.67
460,600028,中国石化,0.49,0.65,5996000.0,7169700.0,2916600.0,4641600.0
461,600035,楚天高速,1.21,1.32,26698.81,29553.04,32318.97,39045.66
462,300041,回天新材,1.11,1.35,7019.98,7202.48,7773.51,9703.92
463,000993,闽东电力,2.99,1.42,4027.07,1854.7,12033.96,2633.05
464,600163,中闽能源,-0.4,-0.35,-14548.53,-30334.18,5881.93,10547.85
465,002056,横店东磁,1.78,5.89,17362.11,7487.35,30953.59,44118.38
466,002086,东方海洋,1.04,0.8,5569.33,9550.05,5770.53,7661.71
467,002344,海宁皮城,1.38,1.04,35456.74,52701.86,48870.62,54998.82
468,000626,远大控股,4.91,12.88,7654.69,3034.81,37616.17,39093.82
469,002377,国创高新,0.17,0.14,1873.57,3812.54,309.75,521.64
470,300043,星辉娱乐,6.19,5.65,5990.6,8111.77,37110.61,45802.77
471,600367,红星发展,0.37,0.58,7667.3,7858.04,2824.03,4585.95
472,000425,徐工机械,0.06,0.06,283129.92,337862.85,16536.49,20858.32
473,002174,游族网络,204.64,304.87,176.34,192.83,36086.54,58787.99
474,000721,西安饮食,0.5,0.35,3680.81,3576.21,1823.07,1235.12
475,300181,佐力药业,1.91,1.41,3888.34,5092.79,7420.61,7202.04
476,601818,光大银行,1.73,1.68,1413274.0,1806788.8,2443700.0,3032900.0
477,600086,东方金钰,3.87,3.2,5699.98,7826.66,22062.57,25081.52
478,000667,美好置业,3.24,3.99,9628.2,16647.21,31183.04,66485.62
479,600826,兰生股份,23.56,16.09,3557.35,5222.35,83824.85,84043.53
480,600222,太龙药业,0.29,0.31,748.41,1275.13,215.13,401.56
481,600067,冠城大通,0.45,0.4,55412.58,79581.46,24833.86,32151.71
482,600026,中远海能,2.73,1.84,81523.98,104731.55,222406.79,192251.27
483,600716,凤凰股份,-0.35,0.22,-3362.65,23437.29,1180.5,5243.34
484,300205,天喻信息,1.58,0.68,1944.69,2934.36,3081.43,1984.98
485,600350,山东高速,1.66,1.56,148327.08,197746.53,246292.44,308935.75
486,000797,中国武夷,0.33,2.83,3840.53,7760.01,1275.49,21966.42
487,002009,天奇股份,1.04,2.8,6332.99,3709.05,6566.64,10394.01
488,002149,西部材料,-1.74,-0.9,-486.08,-2355.63,844.6,2122.11
489,600754,锦江股份,1.83,2.17,27557.43,32048.14,50566.56,69457.94
490,600664,哈药股份,0.71,1.36,86319.99,57865.89,61110.83,78810.31
491,002596,海南瑞泽,0.35,1.15,4746.95,6121.14,1651.6,7021.65
492,600488,天药股份,0.83,0.68,6070.59,9319.8,5033.06,6380.57
493,000656,金科股份,1.6,1.31,63065.07,106907.94,100857.56,139526.03
494,300188,美亚柏科,1.75,2.97,2624.67,6150.5,4602.48,18262.4
495,600558,大西洋,1.26,1.05,3070.48,4243.01,3872.49,4444.28
496,600862,中航高科,1.26,0.6,6114.93,12198.75,7703.25,7342.21
497,002579,中京电子,3.61,3.26,2668.46,3399.32,9620.82,11098.64
498,000043,中航地产,-0.39,0.31,6682.89,51733.49,-2619.85,16139.09
499,600358,国旅联合,-9.34,2.62,553.96,-6234.02,-5176.27,-16310.36
500,000705,浙江震元,1.18,1.44,2348.47,3153.61,2761.07,4527.56
501,600064,南京高科,3.65,2.54,24822.78,36491.09,90710.66,92652.8
502,300034,钢研高纳,1.61,1.49,4208.69,6439.05,6776.5,9596.79
503,002471,中超控股,1.87,1.39,4725.9,8038.0,8829.54,11194.66
504,601677,明泰铝业,0.85,1.05,23751.34,25617.43,20076.85,26917.75
505,600825,新华传媒,0.35,0.27,10539.74,18049.07,3651.98,4840.7
506,600346,恒力股份,-17.36,-15.95,-3842.4,-7397.32,66685.38,117983.43
507,000555,神州信息,487.87,391.32,25.28,61.84,12333.37,24199.06
508,002455,百川股份,1.77,1.72,3501.13,4648.46,6182.78,7979.44
509,300078,思创医惠,1.32,2.02,7600.67,9310.04,10051.92,18797.89
510,600223,鲁商置业,1.27,0.39,6139.61,23462.75,7810.37,9237.21
511,601377,兴业证券,4.99,4.7,40959.13,43533.96,204480.33,204632.14
512,600403,*ST大有,-1.11,-1.53,115880.6,128254.17,-128613.51,-196263.13
513,000877,天山股份,0.0,0.09,97861.49,113022.22,432.8,9978.54
514,002630,华西能源,2.06,2.0,8559.4,10245.97,17641.1,20507.13
515,002441,众业达,0.77,0.78,14918.73,18396.35,11460.83,14338.36
516,000525,红 太 阳,28.11,1.84,138.26,6869.35,3887.01,12641.31
517,000933,*ST神火,1.0,0.3,82666.91,115058.42,82574.39,34213.92
518,600496,精工钢构,0.55,0.39,24963.21,27979.41,13620.2,10957.31
519,600482,中国动力,13.4,15.47,4940.64,6937.85,66218.57,107324.9
520,000902,新洋丰,-41.75,192.27,-1285.95,292.87,53688.45,56308.67
521,002520,日发精机,0.43,0.42,7741.65,9801.98,3363.81,4112.47
522,002190,成飞集成,2.0,2.04,4475.75,6754.16,8957.88,13771.64
523,600061,国投安信,97.01,152.87,2178.62,1675.71,211344.04,256173.2
524,002484,江海股份,1.19,1.43,8428.12,10448.26,10028.69,14904.66
525,000606,神州易桥,0.64,-3.01,2714.27,-1522.41,1740.91,4581.83
526,002331,皖通科技,2.24,1.49,2505.38,5148.16,5602.69,7687.27
527,001696,宗申动力,0.95,0.85,25843.16,34208.2,24452.05,29111.76
528,002152,广电运通,1.67,1.67,30284.67,50653.38,50702.6,84397.21
529,002265,西仪股份,-0.22,-0.49,-1583.46,-1430.68,343.1,701.26
530,002612,朗姿股份,0.56,0.79,14726.11,20866.08,8243.8,16401.58
531,002145,中核钛白,-0.68,-0.43,-6798.97,-19766.86,4643.18,8409.07
532,002130,沃尔核材,1.65,1.29,5530.67,8315.85,9125.78,10727.64
533,600131,岷江水电,1.84,1.28,8905.43,12810.07,16424.07,16409.42
534,600273,嘉化能源,-4.86,-2.51,-11039.41,-29486.67,53626.41,74047.7
535,600179,安通控股,-1.29,-1.07,-20044.88,-37426.55,25852.07,40129.28
536,000552,靖远煤电,2.06,3.13,5815.21,7081.34,11994.96,22171.86
537,300142,沃森生物,-1.73,0.34,13485.85,20753.76,-23361.06,7045.87
538,600871,石化油服,-10.34,-19.21,85643.7,83904.3,-885799.2,-1611476.3
539,300193,佳士科技,0.94,0.93,8763.05,10893.36,8195.16,10100.88
540,000952,广济药业,7.48,29.27,1668.31,484.55,12480.77,14183.92
541,002566,益盛药业,0.49,0.14,6402.14,9648.41,3112.75,1319.44
542,601988,中国银行,1.4,1.33,9630100.0,12418200.0,13481300.0,16457800.0
543,000597,东北制药,-0.05,-0.06,-12996.18,-39172.33,607.81,2378.81
544,600027,华电国际,129.19,42.23,2878.2,7919.3,371842.8,334444.3
545,300127,银河磁体,0.76,0.82,11033.74,14400.02,8374.2,11829.09
546,300274,阳光电源,2.68,3.21,11094.03,17254.81,29693.53,55361.31
547,002326,永太科技,2.3,4.35,5333.36,6370.94,12276.11,27701.89
548,002023,海特高新,1.12,0.67,3901.73,6107.87,4353.48,4076.84
549,601999,出版传媒,1.32,1.82,6328.81,6758.33,8367.22,12294.67
550,300080,易成新能,0.02,0.16,14131.05,12497.43,347.36,2055.72
551,600077,宋都股份,-8.06,-0.62,-1057.54,32405.95,8522.8,-19947.44
552,002591,恒大高新,-0.34,0.27,3351.29,5245.28,-1154.32,1412.16
553,002617,露笑科技,1.35,1.22,3587.14,5292.93,4839.06,6476.35
554,600251,冠农股份,0.07,0.16,17814.77,16289.0,1219.37,2645.79
555,002087,新野纺织,2.19,2.02,6404.32,10256.34,14038.84,20745.52
556,600784,鲁银投资,0.43,0.14,14892.4,29514.38,6425.64,4171.67
557,300229,拓尔思,1.12,1.87,3815.26,7339.05,4288.59,13700.53
558,600171,上海贝岭,5.35,1.19,728.78,3186.97,3902.42,3785.39
559,600967,北方创业,-0.35,4.3,9165.59,11546.38,-3242.06,49650.87
560,600362,江西铜业,0.18,0.12,546784.44,654944.92,98829.36,78753.81
561,000561,烽火电子,1.66,0.8,4249.92,11052.11,7048.19,8824.01
562,600870,厦华电子,0.05,-0.48,1712.22,1057.96,90.34,-510.21
563,600428,中远海特,0.19,0.33,17553.43,15187.72,3319.09,5026.09
564,600373,中文传媒,2.32,2.68,42695.08,48302.71,98867.0,129536.39
565,002371,北方华创,0.58,0.7,10791.24,13292.85,6277.33,9290.16
566,002079,苏州固锝,1.47,1.64,5422.6,6905.24,7980.28,11340.97
567,002561,徐家汇,0.97,0.95,17758.47,25469.07,17185.88,24146.85
568,300114,中航电测,2.02,1.68,4202.84,6148.91,8493.44,10303.51
569,000929,兰州黄河,-10.41,1.72,183.78,-1459.28,-1913.56,-2509.36
570,300101,振芯科技,1.77,0.84,3705.03,4778.09,6543.83,4000.76
571,601678,滨化股份,0.28,0.59,50653.41,60880.61,13961.93,35881.31
572,300037,新宙邦,2.09,2.07,9032.19,12371.88,18918.24,25591.97
573,600033,福建高速,1.37,1.53,39369.05,43799.05,53807.31,67115.35
574,002156,通富微电,2.07,3.69,5985.33,4902.82,12415.32,18081.46
575,000722,湖南发展,2.11,1.69,6560.52,8289.58,13867.74,14049.14
576,603333,明星电缆,-0.33,-0.58,9292.82,13282.13,-3054.81,-7759.27
577,600749,西藏旅游,-2.31,-8.92,1135.19,1067.01,-2620.75,-9512.41
578,002577,雷柏科技,0.25,0.18,7007.15,10236.13,1783.17,1793.53
579,600548,深高速,1.34,1.34,70718.43,87514.61,94675.53,116935.32
580,600822,上海物贸,0.23,0.14,7106.33,10627.47,1659.18,1471.43
581,600722,金牛化工,-0.14,-0.11,-11164.94,-24662.47,1572.58,2591.7
582,600218,全柴动力,1.97,3.73,4515.52,2543.95,8904.01,9489.14
583,002301,齐心集团,1.37,1.59,4872.77,6615.87,6674.63,10489.14
584,300108,双龙股份,5.26,6.82,2032.43,2733.27,10684.37,18636.13
585,600096,云天化,-8.06,-19.91,19330.11,16875.14,-155890.03,-335949.24
586,600769,祥龙电业,-0.05,-0.01,-4026.94,-22308.9,217.14,179.19
587,000790,泰合健康,1.64,3.96,1224.79,2084.15,2008.21,8249.74
588,600711,盛屯矿业,-11.52,6.9,-1016.25,2732.56,11705.77,18856.49
589,600610,中毅达,-5.05,0.83,339.04,564.33,-1713.1,468.82
590,002587,奥拓电子,2.05,2.57,2897.07,3356.48,5944.96,8628.24
591,000589,黔轮胎Ａ,0.12,0.16,5966.66,9538.4,702.68,1522.72
592,000419,通程控股,0.91,0.47,9147.53,21629.82,8309.0,10224.85
593,002140,东华科技,0.56,0.29,14641.76,27730.15,8214.45,8180.02
594,600575,皖江物流,1.57,1.43,25389.04,33114.02,39967.79,47277.73
595,600563,法拉电子,1.24,1.39,22081.45,28066.04,27389.55,38955.45
596,000507,珠海港,0.41,0.36,20481.34,29199.42,8400.23,10421.92
597,600227,赤天化,-1.46,-3.76,7489.82,9285.43,-10921.5,-34953.42
598,600343,航天动力,0.64,0.54,2926.12,5520.17,1870.19,2965.77
599,600235,民丰特纸,0.47,1.67,1740.42,750.35,810.6,1255.07
600,300319,麦捷科技,5.18,4.98,2252.93,3142.05,11666.56,15646.2
601,002408,齐翔腾达,0.56,0.99,45254.16,50642.72,25289.78,50251.02
602,300207,欣旺达,4.96,5.44,5773.27,8267.28,28617.03,44993.0
603,000514,渝 开 发,0.21,0.82,5298.38,14924.01,1088.6,12266.15
604,300096,易联众,-0.19,0.12,5129.24,8635.33,-969.12,1059.82
605,300016,北陆药业,2.54,0.37,3219.35,4421.18,8188.47,1637.95
606,002295,精艺股份,0.3,0.43,3058.07,2149.46,906.31,918.43
607,000023,深天地Ａ,29.7,1.07,27.84,927.58,826.78,995.22
608,002395,双象股份,0.66,0.89,3631.97,3994.39,2412.6,3555.09
609,601168,西部矿业,0.16,0.12,76412.43,85871.17,12047.53,9980.08
610,000868,安凯客车,0.49,0.52,5281.94,9813.89,2578.6,5135.07
611,300172,中电环保,2.85,2.36,2595.89,4622.03,7407.92,10904.3
612,002249,大洋电机,1.79,2.22,16691.32,22980.28,29928.62,50935.01
613,600460,士兰微,0.46,0.63,13061.89,15322.15,6063.77,9589.14
614,600560,金自天正,0.29,0.28,5021.7,7079.39,1468.8,1985.41
615,002119,康强电子,1.06,3.88,3016.5,1124.32,3196.57,4361.79
616,600531,豫光金铅,0.38,2.0,15843.06,8804.27,6061.66,17642.22
617,000038,深大通,40.9,111.54,265.85,209.12,10872.64,23325.44
618,002421,达实智能,5.9,6.13,2864.12,4496.26,16910.13,27549.54
619,300139,晓程科技,0.25,0.35,5839.51,7931.23,1464.66,2798.51
620,600167,联美控股,6.83,8.5,4362.12,8220.44,29801.91,69892.42
621,600113,浙江东日,1.05,1.38,7516.14,7212.85,7920.28,9941.95
622,300017,网宿科技,25.41,22.85,3604.81,5472.17,91613.74,125039.66
623,600267,海正药业,0.09,-0.19,34958.69,50408.13,3100.44,-9442.81
624,600688,上海石化,2.5,6.31,165157.9,94441.4,413006.1,595557.6
625,300159,新研股份,1.77,3.17,6062.64,7919.68,10721.74,25093.73
626,000543,皖能电力,13.69,46.14,5643.92,1926.76,77266.31,88903.3
627,600801,华新水泥,0.18,0.42,90451.16,107526.85,16080.74,45194.04
628,600962,国投中鲁,0.07,0.02,5224.8,4477.63,351.71,90.0
629,002077,大港股份,0.5,0.64,4038.55,6492.49,2031.32,4159.49
630,600366,宁波韵升,1.96,1.21,39606.89,66144.47,77603.11,79972.13
631,600262,北方股份,-0.03,0.14,9504.91,12587.99,-283.56,1737.09
632,300144,宋城演艺,4.01,4.06,19041.71,22221.86,76379.27,90230.52
633,002407,多氟多,5.37,5.95,7047.19,8027.0,37858.58,47776.48
634,002501,利源精制,3.56,3.88,11694.66,14170.42,41611.5,55028.48
635,600605,汇通能源,3.67,4.22,611.81,587.54,2245.92,2482.26
636,002530,丰东股份,0.29,0.96,3574.7,4854.87,1020.96,4655.68
637,300141,和顺电气,0.58,0.79,2605.32,3764.85,1520.8,2972.91
638,300177,中海达,0.62,0.3,3439.13,6229.41,2149.12,1888.29
639,000590,启迪古汉,0.25,0.76,4992.86,7213.44,1233.82,5517.52
640,600621,华鑫股份,1.44,1.13,9939.47,13635.59,14317.83,15421.55
641,002469,三维工程,0.62,0.17,4695.56,6874.06,2919.19,1176.7
642,000850,华茂股份,0.16,0.32,38650.63,30479.73,6193.8,9857.48
643,002559,亚威股份,0.71,1.23,7797.68,9521.74,5527.78,11678.96
644,600303,曙光股份,0.25,0.34,13750.43,17766.19,3458.6,6068.97
645,300014,亿纬锂能,2.69,2.94,5911.03,8578.36,15876.73,25181.52
646,600513,联环药业,2.54,2.56,1802.34,2450.79,4570.85,6269.02
647,600495,晋西车轴,0.11,0.27,5017.76,9971.78,557.19,2694.31
648,000708,大冶特钢,0.48,0.5,44868.38,58493.14,21397.38,29268.07
649,000608,阳光股份,-1.73,-2.71,19410.2,17305.2,-33575.5,-46823.8
650,600389,江山股份,-0.26,10.36,-3105.73,505.38,808.61,5238.04
651,300282,汇冠股份,6.25,5.55,1450.4,2264.19,9065.8,12570.25
652,300257,开山股份,0.35,0.34,21589.76,29364.75,7549.49,9945.57
653,002362,汉王科技,-0.05,-0.04,-27777.28,-49669.57,1498.15,2131.92
654,002029,七 匹 狼,0.58,0.65,28887.34,41230.8,16885.57,26719.16
655,601118,海南橡胶,-0.39,0.08,71018.06,76103.2,-27700.69,6130.55
656,002574,明牌珠宝,0.24,0.17,21083.36,25077.62,5141.85,4371.38
657,002105,信隆健康,2.47,1.67,904.0,1706.88,2228.65,2855.17
658,002253,川大智胜,1.04,0.76,1996.17,5098.9,2067.58,3889.1
659,300179,四方达,0.53,0.83,2715.17,3558.99,1428.26,2951.52
660,002337,赛象科技,-0.19,0.36,2837.67,3544.03,-552.77,1291.05
661,600000,浦发银行,2.04,1.95,1990992.34,2728598.1,4068200.0,5309900.0
662,002277,友阿股份,0.92,1.03,25474.99,29048.1,23406.96,29917.18
663,300105,龙源技术,-0.74,-0.94,7334.82,17433.9,-5410.02,-16448.47
664,002348,高乐股份,0.44,0.48,8606.49,8878.21,3778.76,4254.67
665,002074,国轩高科,16.52,28.27,4463.83,3647.26,73750.62,103093.97
666,000027,深圳能源,1.36,1.2,98448.98,112461.09,133793.47,134707.03
667,002409,雅克科技,0.7,0.93,5909.6,7267.17,4129.01,6784.09
668,600330,天通股份,6.09,9.12,1783.85,1210.31,10856.36,11033.17
669,300067,安诺其,2.67,2.56,2460.54,3197.91,6567.59,8185.8
670,000990,诚志股份,-0.96,3.5,2440.38,3166.23,-2332.28,11078.01
671,002643,万润股份,2.45,2.65,10205.13,12024.11,25053.06,31865.27
672,002109,兴化股份,-0.54,0.16,13134.23,17289.22,-7125.53,2808.24
673,300119,瑞普生物,1.17,1.16,8470.58,11409.47,9913.27,13278.25
674,300138,晨光生物,1.42,1.23,5597.3,7503.11,7944.35,9247.4
675,600880,博瑞传播,0.23,0.15,28010.32,39384.46,6303.94,6013.61
676,600232,金鹰股份,0.81,1.09,2303.44,2674.36,1864.45,2905.64
677,300234,开尔新材,0.73,0.65,3505.05,4371.27,2541.62,2845.57
678,000975,银泰资源,11.48,7.33,1427.96,2997.09,16392.27,21964.36
679,002224,三 力 士,4.55,5.08,3394.12,4449.75,15435.05,22582.89
680,002634,棒杰股份,0.89,0.88,3313.72,4611.39,2936.99,4039.81
681,002310,东方园林,1.5,2.88,34401.83,44973.49,51708.38,129560.85
682,600095,哈高科,-0.62,0.72,1867.5,2150.09,-1158.24,1537.73
683,600106,重庆路桥,1.01,0.83,24289.99,35555.04,24418.07,29526.3
684,600812,华北制药,3.82,0.44,1695.57,12476.99,6475.56,5441.51
685,002391,长青股份,1.53,1.43,8849.51,11344.46,13509.68,16264.59
686,002367,康力电梯,3.27,2.81,11240.23,15110.24,36791.39,42406.83
687,000702,正虹科技,-1.01,0.4,423.46,502.5,-427.64,202.45
688,300143,星河生物,0.84,0.94,3702.39,5884.96,3092.84,5508.04
689,600618,氯碱化工,-0.2,-1.43,22839.33,22977.33,-4632.14,-32809.18
690,002355,兴民智通,0.44,0.43,8946.37,11782.18,3903.86,5081.63
691,300218,安利股份,1.02,1.02,4703.83,5743.51,4818.77,5837.91
692,600990,四创电子,4.06,2.7,738.37,4796.72,2996.1,12945.5
693,600691,阳煤化工,26.28,17.91,-2866.09,-5072.35,-75314.48,-90851.56
694,000070,特发信息,4.8,5.32,2594.21,3676.88,12447.37,19578.51
695,002308,威创股份,0.73,0.71,16299.59,25838.52,11905.09,18223.35
696,300239,东宝生物,0.87,0.78,1502.52,2467.15,1304.33,1922.7
697,002018,华信国际,-7.66,95.37,-2763.35,385.92,21165.1,36803.93
698,002368,太极股份,0.86,2.69,7496.12,11211.82,6482.03,30159.54
699,000720,新能泰山,0.35,0.38,-12419.12,-17693.43,-4364.47,-6670.57
700,600608,*ST沪科,-0.78,-1.45,2762.77,1646.72,-2146.13,-2379.63
701,002100,天康生物,3.71,5.11,8601.23,7688.74,31888.48,39254.14
702,300045,华力创通,0.73,0.84,3252.53,6105.73,2363.78,5102.64
703,002340,格林美,2.21,2.19,8992.98,12054.04,19836.53,26373.19
704,600721,百花村,3.44,1.84,3090.91,7553.91,10630.47,13913.42
705,000712,锦龙股份,7.38,16.74,3692.76,2183.25,27262.24,36556.41
706,002540,亚太科技,2.16,2.4,9271.27,12357.63,20060.73,29677.22
707,002320,海峡股份,0.77,0.76,17607.19,20605.43,13502.41,15686.93
708,600270,外运发展,2.13,2.2,33495.4,45227.1,71490.18,99525.17
709,002523,天桥起重,1.43,1.69,4855.96,6334.37,6949.05,10698.65
710,002164,宁波东力,0.09,0.44,5783.23,2654.09,506.05,1156.72
711,600615,丰华股份,-0.48,-0.61,-1732.43,-1508.71,823.79,925.7
712,600278,东方创业,0.83,0.78,12530.01,18999.89,10425.4,14886.13
713,600624,复旦复华,2.21,1.6,1730.85,2386.32,3817.27,3815.5
714,600965,福成股份,13.54,12.54,1088.24,1472.81,14733.47,18474.32
715,600561,江西长运,0.0,-0.78,9235.26,12558.31,3.26,-9763.67
716,000715,中兴商业,0.43,0.71,7315.33,12422.03,3124.52,8867.11
717,600526,菲达环保,10.08,2.76,519.19,1611.5,5231.25,4443.16
718,000520,长航凤凰,0.01,-0.01,-43912.93,-88284.96,-319.42,971.63
719,600038,中直股份,4.63,4.0,6557.89,10980.92,30371.2,43916.15
720,600682,南京新百,-8.23,4.79,5402.51,8339.08,-44468.28,39985.52
721,300140,中环装备,-0.12,2.27,3351.88,3967.19,-406.1,9017.29
722,600785,新华百货,0.24,0.25,20195.96,25233.59,4903.84,6295.83
723,601177,杭齿前进,0.05,0.05,11975.85,14927.66,650.88,730.0
724,000607,华媒控股,71.92,9.09,176.66,2454.77,12704.98,22306.4
725,300314,戴维医疗,1.53,1.15,3104.07,5396.87,4733.74,6216.59
726,600714,金瑞矿业,2.92,1.85,3342.81,3117.8,9765.59,5762.33
727,300095,华伍股份,2.53,3.64,1414.22,1274.16,3573.81,4642.77
728,600478,科力远,-30.47,-12.86,391.99,1645.21,-11945.14,-21160.81
729,600083,博信股份,0.37,0.18,1313.8,1653.96,482.58,301.3
730,000810,创维数字,7.03,8.71,4936.57,5583.36,34699.43,48640.2
731,600604,市北高新,56.72,10.22,289.21,1501.86,16402.79,15346.71
732,000551,创元科技,1.07,1.34,5490.78,3725.98,5896.95,4977.11
733,000859,国风塑业,-0.38,0.82,3156.88,2239.96,-1189.06,1835.77
734,600408,安泰集团,1.72,1.52,-25745.14,-38289.17,-44258.84,-58195.48
735,600234,ST山水,-0.05,0.21,-1586.3,6825.91,75.82,1426.97
736,600565,迪马股份,7.56,10.53,1705.21,7374.38,12885.94,77675.29
737,002237,恒邦股份,1.05,0.93,18484.63,21789.04,19479.98,20331.51
738,000632,三木集团,0.09,1.46,1509.21,1137.94,142.14,1657.5
739,600744,华银电力,0.01,-0.96,-59096.31,-19531.48,-459.44,18802.6
740,600719,大连热电,0.38,-0.39,-4821.42,-3451.24,-1824.59,1359.32
741,600675,中华企业,1.42,0.87,20992.21,75384.96,29910.22,65545.82
742,000777,中核科技,1.65,1.82,2857.49,5781.61,4719.95,10542.27
743,002209,达 意 隆,-0.59,-0.87,4394.12,5226.52,-2614.24,-4531.81
744,300283,温州宏丰,0.47,0.3,6852.34,8129.79,3228.36,2426.1
745,300184,力源信息,1.62,1.96,2242.14,2419.79,3624.72,4734.9
746,002428,云南锗业,-0.9,-1.1,6432.85,9389.58,-5773.75,-10321.34
747,002613,北玻股份,0.3,0.24,6586.76,10033.88,1973.96,2409.89
748,002519,银河电子,3.68,3.89,6248.14,7977.05,23012.87,30997.94
749,002231,奥维通信,-0.84,0.12,2449.42,5845.07,-2057.64,724.91
750,002189,利达光电,3.33,2.74,406.49,632.54,1355.59,1732.2
751,002258,利尔化学,2.3,2.99,5856.93,6962.19,13493.78,20834.73
752,300050,世纪鼎利,1.27,1.36,6692.42,8840.68,8503.76,11993.82
753,002497,雅化集团,0.63,0.7,15523.29,18999.97,9750.49,13381.4
754,600071,凤凰光学,-10.51,-25.05,462.71,460.7,-4861.53,-11539.68
755,002135,东南网架,0.51,0.54,8100.81,9021.83,4107.91,4912.46
756,600995,文山电力,1.21,1.18,12203.15,13516.57,14749.57,15937.56
757,000563,陕国投Ａ,3.19,3.34,11000.2,15435.43,35044.55,51523.76
758,600386,北巴传媒,0.74,0.67,12184.71,17623.73,8974.26,11773.41
759,002014,永新股份,1.47,1.37,9886.09,14784.42,14503.11,20271.06
760,002039,黔源电力,16.49,-1.54,1171.79,-8433.73,19323.69,12961.37
761,000416,民生控股,0.74,0.52,1330.99,3189.8,983.37,1664.3
762,300150,世纪瑞尔,-0.26,0.95,6814.69,9592.83,-1793.76,9078.4
763,601808,中海油服,-2.69,-2.84,337383.6,403927.71,-909173.6,-1145618.63
764,600011,华能国际,6.66,6.95,141038.98,126824.52,938869.98,881429.09
765,300120,经纬电材,0.37,0.39,2367.82,4058.18,877.68,1567.92
766,002438,江苏神通,0.87,1.01,3690.06,5086.67,3220.32,5158.89
767,300211,亿通科技,0.47,0.15,1790.8,2614.15,837.1,379.63
768,600743,华远地产,1.15,1.59,30389.59,46658.12,35033.8,74132.36
769,600889,南京化纤,1.85,5.92,3070.69,1534.37,5690.79,9083.16
770,002080,中材科技,3.66,3.3,9252.0,12147.11,33866.9,40140.33
771,000615,京汉股份,1.63,-1.5,-5984.49,-7306.32,-9742.06,10924.51
772,600875,东方电气,-0.47,-0.58,227825.36,305622.77,-106493.95,-178430.68
773,000524,岭南控股,2.03,1.5,1434.42,2047.63,2911.07,3061.49
774,300222,科大智能,9.72,5.1,1732.76,5422.83,16838.51,27673.49
775,300214,日科化学,0.92,0.79,7236.58,10144.73,6653.87,7998.41
776,000948,南天信息,-1.52,0.22,3233.64,9430.88,-4907.0,2068.94
777,000695,滨海能源,0.16,0.79,-4377.29,490.55,-692.79,388.33
778,000921,海信科龙,2.63,4.79,32841.95,22701.51,86337.41,108773.21
779,002353,杰瑞股份,0.36,0.28,28934.5,42435.66,10487.73,12067.41
780,601600,中国铝业,0.11,1.69,96756.7,23797.4,10785.6,40249.4
781,000628,高新发展,-2.21,4.87,-1377.8,602.72,3048.88,2936.67
782,000655,金岭矿业,-0.28,-1.13,49526.23,49780.56,-14091.35,-56256.37
783,600162,香江控股,-14.1,15.66,-3384.88,4407.36,47724.07,69029.22
784,000731,四川美丰,-0.53,-0.88,19713.69,28413.25,-10431.48,-25037.38
785,600248,延长化建,0.88,0.82,9627.21,14939.07,8458.5,12281.65
786,300073,当升科技,63.99,-134.35,98.01,-73.9,6271.82,9928.78
787,600898,三联商社,0.17,0.23,5286.87,7088.61,920.34,1619.33
788,600583,海油工程,-12.17,7.27,-9183.61,18095.84,111786.05,131530.71
789,300055,万邦达,4.16,3.47,4784.31,7557.51,19900.39,26224.83
790,002401,中海科技,1.38,1.41,3513.42,4207.22,4861.57,5918.95
791,600380,健康元,1.2,1.72,31144.68,26195.31,37378.07,45141.52
792,600701,工大高新,0.55,2.25,2438.94,3403.57,1337.11,7658.02
793,000402,金 融 街,0.44,1.39,181136.22,201751.23,80383.45,280437.04
794,600268,国电南自,-1.02,0.14,11216.84,22943.5,-11403.13,3151.2
795,600766,园城黄金,-0.5,-0.53,-721.11,-589.79,363.17,314.59
796,300157,恒泰艾普,0.06,1.03,6172.54,8217.24,371.3,8495.38
797,000619,海螺型材,2.09,0.92,4358.2,8218.41,9100.28,7597.19
798,002062,宏润建设,1.43,1.65,11134.59,14163.06,15910.95,23299.46
799,000972,*ST中基,0.3,0.22,-30284.97,-117055.12,-9125.5,-25411.15
800,002562,兄弟科技,2.6,3.28,3733.68,5109.74,9722.75,16766.84
801,002543,万和电气,1.75,2.11,16764.62,20428.74,29368.27,43116.77
802,300241,瑞丰光电,1.73,1.51,2775.27,3314.77,4794.5,5000.39
803,000980,金马股份,1.26,2.39,3518.38,3635.24,4435.47,8678.44
804,002314,南山控股,4.97,5.05,9993.29,10426.03,49665.13,52699.71
805,002631,德尔未来,1.81,2.21,7838.21,8652.82,14186.95,19104.33
806,002515,金字火腿,0.56,0.4,3767.0,4927.77,2094.23,1989.63
807,300346,南大光电,0.09,0.04,15925.65,17774.25,1434.01,754.87
808,600593,大连圣亚,2.59,7.22,2678.26,464.5,6923.77,3354.86
809,000546,金圆股份,28.81,15.55,774.67,1965.03,22321.48,30550.97
810,300023,宝德股份,4.53,7.76,777.65,810.27,3519.22,6285.02
811,600114,东睦股份,2.29,3.03,4766.75,5812.62,10892.22,17586.31
812,002281,光迅科技,1.98,2.55,10692.8,11167.99,21141.17,28502.13
813,600340,华夏幸福,3.98,4.78,115624.19,135796.97,460335.75,649157.91
814,002709,天赐材料,15.35,8.6,2062.92,4609.06,31666.27,39632.79
815,300046,台基股份,0.41,0.43,6836.08,9003.91,2805.51,3854.35
816,002155,湖南黄金,0.22,0.27,48407.73,54052.45,10653.52,14350.25
817,600246,万通地产,3.17,0.35,6697.97,31145.88,21228.18,11030.67
818,002645,华宏科技,1.1,1.05,4465.79,6024.15,4897.48,6302.61
819,600321,国栋建设,-3.98,0.98,2396.65,424.9,-9530.16,415.61
820,600008,首创股份,1.49,1.17,26345.06,52287.12,39266.97,61088.89
821,300388,国祯环保,2.07,2.28,3771.57,5696.64,7816.64,12981.83
822,300011,鼎汉技术,0.98,1.57,6352.4,7074.52,6223.73,11122.42
823,000881,中广核技,0.0,1.36,19041.45,23002.61,59.57,31191.36
824,300008,天海防务,2.13,1.88,5598.56,7668.97,11912.24,14434.81
825,002387,黑牛食品,0.67,0.25,7120.3,10282.27,4782.87,2618.54
826,300018,中元股份,2.08,2.79,2729.14,3831.74,5683.22,10678.02
827,600260,凯乐科技,1.82,2.89,6190.88,6301.06,11288.38,18222.96
828,600345,长江通信,0.71,0.64,7314.62,9952.43,5216.45,6353.15
829,002233,塔牌集团,0.51,0.75,44840.37,60883.13,22719.98,45423.02
830,300213,佳讯飞鸿,2.21,2.05,3311.01,5031.52,7329.19,10320.67
831,000997,新 大 陆,5.48,6.01,6547.6,7678.0,35913.47,46134.73
832,300021,大禹节水,1.08,2.02,1932.46,2994.34,2095.14,6048.72
833,300175,朗源股份,1.01,0.49,3093.25,5838.06,3125.08,2832.37
834,000958,东方能源,-1.46,-1.02,-19549.26,-27689.85,28444.57,28268.9
835,000920,南方汇通,1.7,1.7,4767.49,5806.4,8094.62,9865.72
836,002510,天汽模,1.73,1.32,5933.81,11387.52,10265.2,15004.1
837,000670,盈方微,4.01,11.25,416.35,214.8,1669.9,2417.17
838,600476,湘邮科技,8.25,0.35,-57.15,658.73,-471.76,231.16
839,002459,天业通联,0.33,2.67,3272.73,753.03,1083.98,2011.21
840,002238,天威视讯,2.18,2.57,10614.1,11776.1,23137.1,30263.41
841,002629,仁智股份,-1.08,0.34,3770.35,7239.48,-4076.32,2452.35
842,600717,天津港,1.3,1.36,76764.71,92990.35,100073.03,126368.67
843,600684,珠江实业,1.65,1.5,15544.54,22190.36,25675.08,33317.1
844,600787,中储股份,1.62,1.92,26501.42,39875.61,43043.09,76744.5
845,600066,宇通客车,3.1,3.42,73323.19,118140.53,227633.86,404374.56
846,601886,江河集团,1.47,1.03,21813.06,34028.73,32128.17,35156.18
847,600318,新力金融,0.46,0.56,22766.72,28936.86,10544.17,16265.56
848,000937,冀中能源,0.03,0.08,237166.9,304934.1,8111.68,24397.57
849,600368,五洲交通,0.87,0.91,22669.15,24333.94,19686.59,22215.78
850,000037,深南电A,0.45,74.54,-14336.78,1752.91,-6415.96,130669.48
851,300081,恒信移动,-1.43,1.02,299.37,1553.93,-428.26,1582.32
852,002535,林州重机,0.12,0.08,10663.78,18245.56,1260.79,1475.08
853,300304,云意电气,1.26,1.35,6139.43,8129.57,7718.05,11005.26
854,600853,龙建股份,0.59,0.82,2581.94,3557.96,1513.81,2930.72
855,002608,江苏国信,-6.39,5.84,16267.31,18460.03,-104025.34,107756.26
856,000816,智慧农业,0.19,-2.3,4307.68,6010.01,824.17,-13808.06
857,000600,建投能源,-59.43,100.94,-2763.24,1439.66,164228.25,145313.66
858,002524,光正集团,-2.5,0.2,1546.62,2434.36,-3860.59,484.19
859,300062,中能电气,1.46,1.42,3993.85,5505.3,5819.16,7843.58
860,002205,国统股份,-1.05,0.47,1881.0,2848.46,-1973.69,1332.86
861,600449,宁夏建材,0.28,0.16,32068.04,35330.5,8847.06,5764.99
862,601000,唐山港,2.59,2.86,37052.49,46143.83,96099.55,132025.4
863,000021,深科技,1.64,0.85,18452.7,25150.9,30353.32,21442.35
864,000605,渤海股份,-28.25,-23.2,-113.39,-183.36,3203.31,4254.59
865,002146,荣盛发展,2.27,2.71,95606.34,153222.71,217432.29,414809.31
866,002553,南方轴承,2.12,1.91,2850.96,3792.04,6046.08,7228.0
867,600480,凌云股份,1.21,1.07,15469.19,19863.06,18757.11,21303.47
868,002330,得利斯,0.42,0.2,4372.89,4617.83,1848.54,903.17
869,002431,棕榈股份,0.47,0.44,18199.47,27645.57,8490.39,12082.61
870,002494,华斯股份,0.16,0.24,5256.23,6202.26,862.61,1506.52
871,600550,保变电气,0.05,3.1,23207.68,3515.94,1098.43,10912.81
872,600732,*ST新梅,-0.66,0.76,5478.86,2567.81,-3626.52,1954.76
