,code,name,times_3,times_4,net30,net40,net31,net41
0,002333,罗普斯金,2.07,2.56,9965.84,5511.47,20612.72,14082.2
1,002591,恒大高新,-1.35,0.38,4904.6,3738.74,-6645.46,1412.16
2,600652,游久游戏,3.01,3.46,2476.32,3390.18,7461.67,11732.0
3,600874,创业环保,1.36,1.92,24297.8,23106.5,33053.7,44316.8
4,600793,宜宾纸业,-0.14,0.65,-6384.3,485.58,887.66,317.82
5,000592,平潭发展,0.61,0.37,6155.46,5480.58,3771.15,2027.96
6,603993,洛阳钼业,1.54,0.61,49509.48,164090.11,76116.01,99804.06
7,600760,中航黑豹,-5.51,-1.65,4010.08,-1680.2,-22079.59,2776.52
8,000058,深 赛 格,-0.24,2.21,-31209.21,4857.95,7424.21,10756.02
9,600071,凤凰光学,0.39,-4.17,5059.63,2768.3,1983.85,-11539.68
10,002072,凯瑞德,0.9,-0.27,-11728.13,-5320.19,-10589.57,1435.64
11,600239,云南城投,1.32,4.21,21091.21,5795.79,27864.86,24413.94
12,600250,南纺股份,-2.12,0.82,2056.02,2085.66,-4359.2,1719.22
13,300008,天海防务,1.28,3.82,4353.2,3783.15,5553.55,14434.81
14,002302,西部建设,4.37,4.87,7928.95,6488.87,34679.09,31630.98
15,000905,厦门港务,3.82,1.76,6761.07,11746.45,25808.97,20660.79
16,002485,希努尔,0.2,0.07,11100.64,10452.87,2258.61,746.86
17,300344,太空板业,-2.79,5.69,2338.12,434.6,-6534.98,2472.23
18,000692,惠天热电,1.9,-2.91,3928.83,-1805.83,7456.56,5260.56
19,000810,创维数字,19.84,31.03,2094.27,1567.5,41549.58,48640.2
20,000912,泸天化,0.16,-2.12,11100.08,30013.87,1827.14,-63720.06
21,002149,西部材料,-4.48,0.73,2954.89,2911.97,-13231.1,2122.11
22,000922,*ST佳电,8.04,8.03,-5558.2,-5437.24,-44697.0,-43666.84
23,002125,湘潭电化,3.55,-0.5,322.38,-4407.14,1143.52,2224.07
24,000639,西王食品,-40.99,201.07,-356.83,67.05,14627.98,13481.51
25,300136,信维通信,6.73,28.9,3291.65,1839.34,22136.88,53156.87
26,002519,银河电子,3.46,4.99,6576.04,6208.49,22772.73,30997.94
27,600588,用友网络,0.55,0.5,59370.0,39542.54,32374.53,19739.17
28,600623,华谊集团,4.18,-2.85,16861.09,-14701.01,70407.33,41829.64
29,000547,航天发展,3.01,8.23,6903.81,2965.74,20748.36,24402.04
30,300073,当升科技,0.33,2.9,4012.0,3418.15,1328.16,9928.78
31,603799,华友钴业,-2.57,1.21,9585.06,5742.52,-24600.31,6923.75
32,002340,格林美,2.71,6.38,5697.9,4133.6,15421.06,26373.19
33,300128,锦富技术,0.41,0.89,5233.02,4286.25,2158.25,3820.12
34,000605,渤海股份,44.86,6.97,101.11,610.23,4535.58,4254.59
35,000586,汇源通信,11.97,-0.03,141.88,-12049.93,1698.41,301.95
36,002545,东方铁塔,0.42,2.22,14289.96,6153.22,6046.59,13649.5
37,600491,龙元建设,1.13,2.9,18164.95,12019.0,20500.65,34842.37
38,002276,万马股份,3.13,2.89,8693.43,7449.39,27189.18,21521.82
39,000892,欢瑞世纪,-0.3,0.22,-440.63,120353.16,130.03,26507.31
40,000069,华侨城Ａ,2.72,7.51,170557.34,91743.53,464066.51,688841.79
41,600855,航天长峰,9.58,-2.54,305.62,-2276.18,2926.89,5774.49
42,000753,漳州发展,-1.8,5.29,4661.23,3852.33,-8399.61,20397.09
43,600637,东方明珠,82.06,-2.96,3542.18,-99139.98,290671.73,293401.42
44,300143,星河生物,0.52,4.8,2035.02,1146.34,1057.66,5508.04
45,600706,曲江文旅,-0.53,21.77,-9024.19,245.3,4792.16,5340.1
46,002188,巴士在线,0.65,7.07,1668.59,1324.51,1086.73,9360.07
47,600343,航天动力,2.58,1.91,1935.21,1552.28,4988.4,2965.77
48,300191,潜能恒信,-0.97,0.37,4916.17,3044.62,-4770.14,1136.35
49,000584,友利控股,0.95,-4.94,2774.63,8280.4,2625.48,-40911.48
50,600714,金瑞矿业,-1.0,-0.78,3629.58,-7396.04,-3625.81,5762.33
51,300197,铁汉生态,6.16,25.64,4969.36,2036.22,30604.28,52206.56
52,600456,宝钛股份,-11.37,0.12,1642.62,30072.5,-18677.57,3686.21
53,002158,汉钟精机,2.1,2.75,7476.82,6057.51,15671.29,16645.29
54,002336,人人乐,-2.07,0.26,22960.88,23126.54,-47472.96,6048.06
55,600745,中茵股份,-1.82,0.3,8053.32,15751.91,-14646.02,4798.15
56,000962,东方钽业,-16.94,0.42,3760.7,6878.02,-63713.43,2900.49
57,000615,京汉股份,1.23,-0.66,19304.64,-16471.78,23768.39,10924.51
58,000877,天山股份,-1.5,0.52,35103.49,19200.27,-52505.07,9978.54
59,600684,珠江实业,4.6,13.62,6232.85,2446.04,28679.07,33317.1
60,600711,盛屯矿业,-3.7,13.78,-3739.59,1368.36,13845.45,18856.49
61,601958,金钼股份,0.06,0.02,54948.12,280837.57,3399.19,5389.81
62,600557,康缘药业,2.26,2.63,16026.82,14194.01,36233.63,37374.1
63,600346,恒力股份,-56.0,375.07,434.09,314.56,-24310.17,117983.43
64,002664,信质电机,12.09,17.34,1672.83,1332.01,20218.92,23095.78
65,300153,科泰电源,0.93,1.56,4415.47,3109.23,4121.49,4845.61
66,600463,空港股份,0.41,0.4,5511.82,6974.35,2272.58,2814.87
67,002745,木林森,6.12,27.76,4175.42,1705.47,25554.63,47345.94
68,600391,航发科技,0.66,0.64,4801.99,6678.53,3162.55,4255.0
69,600498,烽火通信,2.51,4.34,26211.61,17526.76,65737.78,76043.34
70,600167,联美控股,3.83,47.0,4607.43,1487.2,17660.29,69892.42
71,002307,北新路桥,0.57,0.98,5858.8,4114.68,3364.79,4015.22
72,600879,航天电子,1.31,1.91,20247.54,25010.94,26537.05,47837.31
73,002479,富春环保,1.98,3.61,9179.37,6782.89,18139.21,24492.8
74,600008,首创股份,1.2,2.34,44745.39,26085.29,53625.34,61088.89
75,300401,花园生物,0.18,2.61,6884.85,1677.01,1207.47,4377.28
76,002103,广博股份,1.2,1.79,6883.31,6685.7,8237.31,11949.7
77,600057,象屿股份,0.41,-0.61,69761.85,-70299.38,28885.48,42644.19
78,600438,通威股份,2.26,9.71,14660.59,10558.12,33113.81,102472.44
79,000852,石化机械,0.05,-8.14,10877.29,10186.35,583.72,-82872.2
80,600797,浙大网新,6.18,3.43,3442.81,7149.59,21292.3,24522.58
81,600549,厦门钨业,-3.11,0.73,21281.75,20260.65,-66248.27,14700.33
82,002360,同德化工,1.79,3.1,4517.44,2668.4,8104.2,8273.91
83,600562,国睿科技,-4.74,-9.78,-3942.18,-2334.1,18678.57,22837.82
84,300210,森远股份,3.38,4.12,2651.18,1857.17,8971.27,7647.1
85,300227,光韵达,2.12,1.4,1234.62,1156.2,2615.48,1618.58
86,600151,航天机电,2.23,6.8,7748.24,2948.34,17261.55,20045.26
87,600072,中船科技,0.24,-0.47,9523.92,9215.41,2245.72,-4292.95
88,600260,凯乐科技,0.86,2.69,14286.53,6772.83,12336.98,18222.96
89,000089,深圳机场,0.91,2.34,57507.76,24001.3,52178.42,56243.09
90,000725,京东方Ａ,32.94,-2.33,4968.03,-80752.55,163627.05,188257.17
91,000688,建新矿业,-50.45,-22.64,-571.65,-1034.89,28839.21,23432.33
92,600563,法拉电子,2.73,3.97,12031.08,9817.12,32796.54,38955.45
93,600640,号百控股,12.91,-0.23,358.36,-7857.46,4625.25,1787.07
94,600198,大唐电信,0.49,-38.9,5747.4,4564.64,2844.39,-177562.35
95,002080,中材科技,2.77,4.27,10838.55,9409.02,30030.26,40140.33
96,002157,正邦科技,5.8,31.54,5372.75,3316.42,31143.5,104595.56
97,600365,通葡股份,-0.07,0.96,-3789.07,214.72,254.8,207.07
98,600158,中体产业,1.52,0.31,5097.69,19746.78,7759.21,6100.99
99,600187,国中水务,-6.02,0.41,1958.2,3964.94,-11787.43,1618.9
100,000426,兴业矿业,-0.32,-0.67,7874.78,-13374.12,-2484.43,8945.87
101,600367,红星发展,-22.95,1.36,829.7,3378.44,-19039.1,4585.95
102,600884,杉杉股份,6.99,3.44,9516.01,9603.32,66481.38,33016.31
103,300299,富春股份,3.16,9.38,2216.52,1170.75,6995.09,10980.17
104,002430,杭氧股份,0.57,-1.32,25077.62,21443.97,14410.54,-28261.87
105,600282,南钢股份,-17.58,2.87,13833.66,12320.35,-243242.59,35373.52
106,300064,豫金刚石,1.91,3.33,5246.1,4128.74,10021.01,13756.26
107,002581,未名医药,4.25,11.28,5882.38,3704.28,25025.38,41769.51
108,002283,天润曲轴,1.33,1.92,11300.75,10129.0,15026.12,19429.68
109,600880,博瑞传播,0.28,0.31,26290.85,19166.78,7466.22,6013.61
110,002105,信隆健康,-1.19,1.06,4612.39,2701.62,-5483.14,2855.17
111,000530,大冷股份,1.65,1.4,7863.13,12735.96,12994.73,17863.27
112,601890,亚星锚链,0.94,0.59,18768.04,9102.91,17718.09,5393.51
113,600871,石化油服,0.06,9.79,38201.8,-164528.5,2447.8,-1611476.3
114,300140,中环装备,0.14,2.28,4852.42,3946.73,668.79,9017.29
115,000498,山东路桥,1.38,47.63,27391.62,902.21,37700.57,42970.66
116,002476,宝莫股份,0.56,0.43,4281.54,3468.2,2413.84,1482.97
117,002467,二六三,0.84,-5.39,7034.2,7016.55,5891.85,-37826.62
118,600270,外运发展,4.41,1.59,22907.8,62779.63,101029.03,99525.17
119,600228,*ST昌九,0.29,-4.13,-8407.19,897.75,-2459.65,-3709.08
120,600276,恒瑞医药,3.26,6.12,66573.09,42294.71,217157.15,258895.21
121,000545,金浦钛业,-8.38,36.35,-1564.84,332.29,13118.22,12080.38
122,002196,方正电机,13.44,6.96,439.13,1700.65,5903.73,11829.02
123,000519,中兵红箭,67.43,-4.97,368.58,-2771.23,24855.01,13765.02
124,600185,格力地产,5.83,-2.15,23516.55,-27912.24,137076.5,60064.73
125,002087,新野纺织,3.82,5.37,3069.08,3864.04,11722.47,20745.52
126,300038,梅泰诺,1.23,2.73,4575.59,3955.16,5649.64,10810.48
127,601311,骆驼股份,3.51,6.88,17360.77,7487.91,60948.97,51533.93
128,002265,西仪股份,-1.69,0.21,1841.41,3273.63,-3118.48,701.26
129,000831,五矿稀土,0.56,-0.04,-71210.23,-49802.38,-39782.0,1858.91
130,600099,林海股份,1.06,0.46,223.42,420.03,236.03,193.4
131,002641,永高股份,1.7,3.02,15215.93,7104.76,25941.19,21484.74
132,600495,晋西车轴,2.77,0.36,3636.24,7584.71,10080.95,2694.31
133,002192,融捷股份,0.43,0.36,2079.86,1488.92,890.4,530.54
134,000856,冀东装备,-13.78,-0.14,1474.33,-16309.61,-20310.99,2312.46
135,002626,金达威,2.15,9.39,5246.45,3191.73,11257.3,29976.79
136,601901,方正证券,2.93,2.99,138542.46,85912.26,406421.2,256933.69
137,002272,川润股份,-1.12,0.29,6050.35,5027.98,-6786.59,1454.82
138,002510,天汽模,2.1,2.42,7835.96,6208.21,16417.08,15004.1
139,002167,东方锆业,-9.17,1.0,3016.28,2533.19,-27666.39,2544.48
140,300061,康耐特,2.39,7.41,2139.62,1465.4,5121.33,10852.47
141,002506,协鑫集成,3.76,-0.31,17000.21,8612.93,63850.22,-2691.16
142,600118,中国卫星,1.96,2.26,19588.86,17557.86,38349.77,39766.43
143,002217,合力泰,2.72,5.75,8007.6,15187.75,21810.58,87379.46
144,002313,日海通讯,-0.4,1.9,7254.21,3551.31,-2894.76,6746.58
145,000633,合金投资,-11.18,-3.33,377.54,-793.15,-4222.4,2640.71
146,000783,长江证券,2.55,3.14,137200.15,70162.72,349336.52,220657.6
147,002282,博深工具,0.12,0.23,5664.55,5530.6,659.67,1248.45
148,600246,万通地产,-2.23,0.21,27459.1,52743.64,-61222.03,11030.67
149,300069,金利华电,0.44,1.47,2371.71,1619.51,1054.74,2388.59
150,002172,澳洋科技,0.84,-0.93,16110.58,-27886.29,13586.23,25924.22
151,000536,华映科技,18.67,60.91,813.9,649.57,15196.25,39566.97
152,300035,中科电气,0.32,0.56,4752.03,4074.65,1532.64,2271.72
153,002361,神剑股份,3.05,5.61,3826.57,3010.93,11683.25,16891.43
154,002437,誉衡药业,5.2,6.76,13023.51,10595.09,67701.78,71664.83
155,600133,东湖高新,1.99,4.72,7121.73,3086.64,14200.92,14562.05
156,002512,达华智能,3.12,4.16,4131.56,3826.14,12878.11,15911.14
157,002019,亿帆医药,11.87,17.09,3036.96,4123.7,36057.35,70476.27
158,000795,英洛华,-6.79,-0.18,853.59,-18937.67,-5795.43,3458.08
159,600961,株冶集团,-8.63,1.08,7007.62,1923.23,-60462.54,2068.94
160,002415,海康威视,8.32,13.52,70557.71,54884.58,586904.96,742226.2
161,600487,亨通光电,3.12,12.36,18388.09,10648.8,57281.58,131639.15
162,002011,盾安环境,0.51,0.55,16038.14,14984.82,8213.07,8301.31
163,002145,中核钛白,0.85,-0.31,-14924.52,-26793.81,-12636.65,8409.07
164,300141,和顺电气,0.9,1.66,2520.66,1794.44,2259.79,2972.91
165,600083,博信股份,-1.04,2.9,-1088.88,103.99,1135.78,301.3
166,600822,上海物贸,-22.14,0.21,7157.03,7077.6,-158440.47,1471.43
167,002296,辉煌科技,1.38,1.95,5438.04,4359.05,7492.38,8507.01
168,600960,渤海活塞,0.43,4.05,5135.25,2909.35,2232.61,11791.6
169,002620,瑞和股份,4.43,4.3,1461.37,2208.19,6480.83,9495.27
170,300056,三维丝,3.04,17.43,2264.34,1265.93,6887.32,22061.48
171,600685,中船防务,0.19,0.09,51496.19,82039.57,9832.07,7122.43
172,600641,万业企业,0.71,1.94,29626.36,37035.82,21147.25,71842.21
173,300258,精锻科技,2.93,9.34,4776.36,2041.41,13992.34,19068.57
174,300090,盛运环保,15.22,2.99,4859.34,3979.66,73965.77,11908.15
175,600870,厦华电子,0.14,0.01,10209.9,-100926.29,1399.03,-510.21
176,000595,*ST宝实,1.15,-3.78,-11952.43,2231.11,-13723.98,-8443.25
177,002717,岭南园林,4.75,11.85,3537.72,2200.12,16795.11,26080.41
178,601318,中国平安,3.9,94.25,1388300.0,66200.0,5420300.0,6239400.0
179,002096,南岭民爆,1.01,0.74,10791.99,4600.44,10944.07,3385.11
180,300477,合纵科技,3.03,5.95,2883.36,1476.22,8749.55,8779.37
181,600990,四创电子,3.71,6.0,3111.93,2159.07,11530.07,12945.5
182,000655,金岭矿业,0.05,-1.46,21700.76,38428.21,1044.79,-56256.37
183,000065,北方国际,3.87,12.78,5660.68,3607.84,21885.22,46104.9
184,600532,宏达矿业,-81.23,-1.56,436.45,-7343.68,-35453.24,11463.12
185,000721,西安饮食,-0.67,0.9,4700.12,1375.6,-3164.76,1235.12
186,300072,三聚环保,16.1,59.67,5097.87,2710.21,82056.48,161705.3
187,000632,三木集团,0.59,1.65,2049.84,1006.55,1216.21,1657.5
188,002477,雏鹰农牧,2.5,13.91,8831.61,6249.53,22042.23,86910.88
189,002132,恒星科技,0.42,1.36,9503.74,7804.82,3949.14,10576.31
190,002436,兴森科技,1.8,3.02,7771.22,6384.76,14020.97,19260.68
191,601991,大唐发电,1.9,-3.19,147946.9,82276.9,280903.3,-262333.1
192,600521,华海药业,2.68,3.34,16497.84,15006.65,44247.24,50083.14
193,300103,达刚路机,0.82,0.6,4614.38,3946.81,3765.21,2364.37
194,000826,启迪桑德,6.39,9.71,14572.46,11131.88,93073.96,108135.94
195,002434,万里扬,1.54,3.47,13754.21,8989.96,21164.87,31225.56
196,002174,游族网络,52.36,66.64,984.62,882.23,51556.66,58787.99
197,600819,耀皮玻璃,1.73,8.09,-21086.99,2792.15,-36426.72,22577.46
198,002634,棒杰股份,1.71,2.42,2121.67,1667.5,3623.0,4039.81
199,601188,龙江交通,2.52,89.85,10972.0,321.8,27605.73,28912.68
200,000409,山东地矿,-7.04,-70.2,-1383.42,275.73,9736.62,-19355.82
201,000923,河北宣工,0.05,0.45,1310.26,466.64,69.76,209.16
202,002573,清新环境,16.87,9.28,3007.68,8019.65,50731.77,74420.14
203,600150,中国船舶,0.02,-0.63,250060.52,415962.1,6184.95,-260682.0
204,000756,新华制药,0.81,3.6,10224.43,3396.55,8306.23,12227.15
205,002359,齐星铁塔,0.26,-1.42,4359.43,3413.29,1139.83,-4841.51
206,002374,丽鹏股份,4.25,5.98,2855.72,2602.89,12130.47,15559.19
207,000661,长春高新,5.26,24.13,7315.47,2009.49,38447.95,48485.25
208,000711,京蓝科技,47.56,2.24,79.12,535.35,3762.61,1198.89
209,300068,南都电源,1.26,2.83,16079.42,11637.25,20330.29,32934.34
210,000407,胜利股份,0.14,-1.44,20628.32,20371.37,2873.94,-29268.85
211,002671,龙泉股份,0.75,1.48,3406.95,2031.92,2571.57,3002.35
212,002271,东方雨虹,9.97,23.31,7318.56,4412.39,72971.52,102870.97
213,603686,龙马环卫,5.28,9.48,2853.04,2229.4,15077.6,21132.12
214,300015,爱尔眼科,4.63,9.08,9248.94,6136.66,42804.4,55746.72
215,002392,北京利尔,-0.48,2.25,9711.91,6557.87,-4633.78,14750.69
216,002428,云南锗业,0.78,-1.27,7800.67,8141.19,6106.91,-10321.34
217,002529,海源机械,0.05,-0.65,6014.28,5909.12,280.62,-3817.72
218,002411,必康股份,14.12,24.36,4025.69,3914.88,56828.68,95364.45
219,000738,航发控制,1.41,-3.89,13923.06,-5375.07,19624.58,20884.44
220,000576,广东甘化,13.73,-2.12,1291.68,-4820.54,17732.07,10240.62
221,002672,东江环保,3.07,4.66,10831.45,11444.25,33253.4,53381.38
222,002589,瑞康医药,5.27,20.25,4475.73,2917.79,23593.85,59075.89
223,601678,滨化股份,1.62,4.39,26674.72,8173.84,43100.13,35881.31
224,002060,粤 水 电,1.27,1.74,8545.33,7742.15,10842.26,13465.12
225,002404,嘉欣丝绸,0.91,1.79,6418.86,5548.86,5842.05,9957.6
226,002190,成飞集成,2.11,3.34,4178.07,4119.89,8810.98,13771.64
227,002213,特 尔 佳,0.39,0.32,2801.37,2478.93,1092.25,798.28
228,000404,华意压缩,2.5,9.62,8724.38,2623.12,21789.49,25229.08
229,300114,中航电测,2.59,3.58,3874.67,2875.86,10032.31,10303.51
230,600778,友好集团,0.25,-8.34,6043.43,4794.3,1529.83,-39971.89
231,000408,金谷源,0.38,-8.77,-15601.77,-10395.19,-5952.28,91180.98
232,002658,雪迪龙,4.53,4.48,5808.03,4326.98,26292.75,19390.36
233,600217,中再资环,-0.57,-0.45,-30806.16,-33340.0,17514.84,14955.57
234,002056,横店东磁,1.99,2.95,16233.74,14946.49,32317.38,44118.38
235,300316,晶盛机电,1.74,2.55,6023.79,7987.17,10461.49,20374.86
236,600279,重庆港九,2.83,2.74,2748.2,2865.4,7779.8,7846.04
237,600768,宁波富邦,-24.19,-0.31,218.16,-5954.61,-5276.92,1831.38
238,000779,三毛派神,-15.05,0.45,525.21,2929.17,-7906.28,1314.13
239,300237,美晨科技,4.19,19.36,4991.97,2307.18,20911.11,44664.92
240,600665,天地源,1.49,1.81,13895.39,12691.64,20691.82,23032.81
241,600226,瀚叶股份,0.98,1.85,14244.75,12729.62,13988.45,23561.06
242,000416,民生控股,0.33,-1.38,6531.04,-1210.35,2133.71,1664.3
243,300241,瑞丰光电,1.51,2.88,2199.15,1737.98,3319.87,5000.39
244,002383,合众思壮,0.72,1.19,8394.57,8108.37,6057.71,9644.97
245,600156,华升股份,1.68,0.93,556.32,1019.75,936.19,947.95
246,002347,泰尔股份,0.18,0.16,6314.74,6274.52,1160.54,1003.85
247,600038,中直股份,5.43,4.45,8043.43,9858.55,43705.08,43916.15
248,300255,常山药业,4.3,18.9,3636.55,928.33,15629.73,17548.72
249,002247,帝龙文化,2.18,14.98,3938.58,2527.89,8579.85,37868.59
250,002034,美 欣 达,2.0,-0.35,1958.28,-5773.21,3923.55,2019.79
251,300117,嘉寓股份,1.01,1.15,6753.02,6651.26,6788.39,7627.17
252,002229,鸿博股份,0.19,0.31,4833.59,4090.7,917.35,1268.01
253,002245,澳洋顺昌,6.47,9.58,3732.03,2145.54,24143.54,20562.14
254,600893,航发动力,6.67,7.55,15484.0,11795.21,103333.79,89069.55
255,002613,北玻股份,0.35,0.44,6546.33,5513.61,2317.33,2409.89
256,600774,汉商集团,2.29,2.09,444.65,556.73,1018.51,1164.37
257,600337,美克家居,6.65,5.28,4523.63,6263.6,30061.52,33080.05
258,300265,通光线缆,3.81,8.53,2375.5,1472.91,9048.01,12557.14
259,002074,国轩高科,17.28,26.15,3382.51,3942.29,58461.21,103093.97
260,600397,安源煤业,1.31,9.84,2126.73,-20888.13,2786.61,-205618.16
261,600721,百花村,-23.8,20.76,1706.09,670.3,-40598.27,13913.42
262,002332,仙琚制药,1.2,2.25,8884.18,6503.77,10655.1,14618.69
263,000040,东旭蓝天,0.96,-1.53,6435.64,-11462.78,6204.96,17537.95
264,000728,国元证券,2.68,2.7,103720.01,52085.81,278422.91,140540.44
265,600101,明星电力,0.52,0.92,17106.05,9050.93,8908.52,8353.91
266,600780,通宝能源,52.92,7.86,699.01,1297.02,36990.56,10198.49
267,600278,东方创业,1.59,1.75,9263.97,8526.67,14735.22,14886.13
268,002001,新 和 成,0.39,0.87,101833.91,137451.14,40206.78,120263.35
269,601886,江河集团,1.07,1.79,29147.39,19620.18,31252.81,35156.18
270,300188,美亚柏科,4.65,8.85,2865.17,2064.58,13316.5,18262.4
271,002518,科士达,3.8,7.06,6143.94,4191.39,23341.59,29585.85
272,000960,锡业股份,-14.65,5.32,13438.68,2560.66,-196862.73,13611.93
273,000551,创元科技,0.28,1.03,8583.18,4845.5,2411.13,4977.11
274,603009,北特科技,1.65,2.59,2807.41,2154.65,4643.43,5576.62
275,300124,汇川技术,7.89,16.75,10261.6,5564.22,80928.14,93183.75
276,002450,康得新,30.47,67.93,4626.26,2889.52,140945.73,196290.8
277,600184,光电股份,4.98,3.93,948.86,753.64,4724.25,2960.92
278,002305,南国置业,0.18,0.27,16618.64,16095.68,3068.72,4328.14
279,000060,中金岭南,0.49,0.81,41422.69,40039.4,20094.67,32322.88
280,603001,奥康国际,1.86,8.23,20951.39,3710.12,39022.78,30520.47
281,002446,盛路通信,2.92,5.16,4160.22,3128.81,12132.33,16137.89
282,600523,贵航股份,1.59,2.52,10394.5,6883.4,16556.4,17323.95
283,000063,中兴通讯,1.31,-1.42,245812.1,166019.9,320788.5,-235741.8
284,600372,中航电子,18.71,-1.08,2549.14,-42487.31,47701.12,46041.36
285,000420,吉林化纤,0.81,-0.09,1767.81,-35985.81,1438.16,3250.47
286,002520,日发精机,1.04,1.12,3802.36,3669.23,3957.8,4112.47
287,300115,长盈精密,8.29,14.95,5423.23,4575.02,44977.02,68373.99
288,002184,海得控制,1.88,0.25,4136.65,5432.44,7786.04,1342.69
289,600315,上海家化,9.47,1.17,23328.57,18503.9,220996.1,21601.67
290,000501,鄂武商Ａ,3.35,5.5,23875.2,18039.21,79930.71,99163.41
291,002064,华峰氨纶,2.37,-1.86,10736.56,16363.72,25412.65,-30380.88
292,002592,八菱科技,2.36,3.07,5307.78,4188.03,12530.23,12841.34
293,600091,ST明科,-0.04,-0.08,-96043.53,-19933.04,3384.21,1501.83
294,000910,大亚圣象,1.55,2.7,20560.41,20044.33,31789.73,54111.82
295,600061,国投安信,1019.24,468.83,443.72,546.41,452259.27,256173.2
296,601177,杭齿前进,-1.41,0.1,8523.28,7514.88,-11992.25,730.0
297,000687,华讯方舟,-4.15,-1.19,6584.79,-13572.81,-27317.65,16108.68
298,600322,天房发展,0.03,-3.35,15641.62,11236.46,449.48,-37676.76
299,600860,*ST京城,1.19,0.57,-17400.46,-26314.16,-20781.74,-14878.76
300,002585,双星新材,1.74,6.56,6934.24,2028.24,12050.77,13302.27
301,600088,中视传媒,0.23,-2.3,11449.78,5423.9,2638.01,-12477.78
302,002481,双塔食品,4.44,1.97,4295.46,2883.04,19057.72,5692.54
303,000068,华控赛格,-0.0,0.48,-192637.01,2073.2,700.55,997.52
304,600679,上海凤凰,1.1,12.48,332.83,423.91,365.6,5288.61
305,002472,双环传动,1.95,3.55,7012.1,5227.86,13674.14,18574.91
306,002535,林州重机,-5.18,0.31,5721.74,4799.29,-29665.41,1475.08
307,600316,洪都航空,0.4,0.11,19656.21,10288.94,7816.52,1104.04
308,300308,中际装备,0.18,0.33,3127.16,3047.76,559.4,1005.41
309,600983,惠而浦,1.77,3.24,20663.26,11492.69,36672.64,37227.75
310,000048,康达尔,4.46,0.17,4575.11,3612.0,20398.44,596.08
311,002225,濮耐股份,0.66,-1.75,12892.51,10576.56,8463.65,-18494.73
312,300228,富瑞特装,0.45,-12.35,3669.39,2417.49,1637.5,-29863.25
313,300098,高新兴,2.39,7.74,5874.65,4082.06,14013.84,31595.77
314,000768,中航飞机,1.27,1.06,31565.45,38907.53,40005.24,41313.34
315,300029,天龙光电,-5.24,-0.97,6839.63,5887.8,-35849.64,-5701.03
316,000702,正虹科技,0.53,0.18,928.35,1135.23,488.33,202.45
317,600828,茂业商业,0.6,5.55,12783.58,10234.52,7677.19,56802.79
318,600162,香江控股,1.52,3.28,25557.74,21074.38,38971.75,69029.22
319,600516,方大炭素,1.62,0.12,1911.92,54531.07,3101.37,6744.89
320,300123,太阳鸟,0.48,0.91,2803.43,2015.83,1348.39,1827.0
321,600644,乐山电力,2.03,2.47,5678.31,8547.22,11551.67,21147.2
322,600742,一汽富维,1.2,2.25,35473.59,18951.6,42508.02,42726.88
323,000712,锦龙股份,4.57,17.13,20002.74,2134.65,91322.06,36556.41
324,600098,广州发展,1.83,1.85,71048.91,36170.0,130261.49,66896.33
325,600393,粤泰股份,0.96,1.07,6730.17,13560.96,6450.95,14514.23
326,000913,钱江摩托,-1.1,8.07,11848.94,4065.57,-13024.64,32824.46
327,000809,*ST新城,36.34,-72.65,-493.49,331.02,-17933.97,-24047.05
328,600862,中航高科,0.72,1.52,20196.21,4833.5,14460.59,7342.21
329,002320,海峡股份,0.86,1.22,13704.36,12854.69,11727.89,15686.93
330,000828,东莞控股,2.81,4.49,29051.41,18448.38,81651.42,82901.82
331,002204,大连重工,0.14,0.21,15470.76,12910.11,2187.94,2728.28
332,000803,*ST金宇,-13.44,-9.04,247.66,681.67,-3327.79,-6163.91
333,600399,抚顺特钢,7.39,3.2,2660.91,3475.87,19673.28,11123.73
334,600291,西水股份,0.5,1.34,35692.36,2683.3,17781.41,3599.57
335,600853,龙建股份,0.75,2.28,2642.22,1287.69,1991.47,2930.72
336,600466,蓝光发展,54.8,88.19,1468.97,1015.76,80500.33,89577.36
337,000812,陕西金叶,0.45,1.84,4370.8,1898.72,1979.96,3492.67
338,600575,皖江物流,55.52,14.18,353.93,3333.79,19649.7,47277.73
339,000998,隆平高科,10.13,7.72,4847.03,6488.71,49106.7,50115.76
340,000990,诚志股份,2.98,4.03,4059.34,2748.91,12107.85,11078.01
341,600699,均胜电子,-1.13,-3.59,-35360.89,-12633.32,39985.79,45369.38
342,601137,博威合金,0.76,4.71,9304.01,3892.57,7050.23,18335.04
343,300326,凯利泰,6.73,11.68,1791.41,1359.36,12064.81,15884.09
344,300261,雅本化学,2.37,1.28,2584.93,1266.24,6123.1,1620.52
345,600301,ST南化,0.14,-0.05,-29729.03,-13137.06,-4183.52,601.42
346,002540,亚太科技,2.58,3.61,9322.96,8230.23,24080.29,29677.22
347,002494,华斯股份,0.48,0.7,3738.17,2140.44,1806.69,1506.52
348,000751,锌业股份,1.44,-0.14,6321.58,-98076.35,9076.41,13439.62
349,600173,卧龙地产,0.44,0.79,13651.13,10243.3,6040.52,8074.36
350,002677,浙江美大,1.81,3.22,8611.28,6285.38,15564.12,20265.61
351,601928,凤凰传媒,1.75,2.58,64237.87,45289.72,112409.57,116979.92
352,002274,华昌化工,-0.3,0.15,-9941.72,20213.22,2938.73,3060.3
353,600081,XD东风科,5.04,-1.65,3036.04,-7050.29,15315.44,11666.72
354,000739,普洛药业,6.11,9.05,3408.51,2905.89,20823.03,26289.71
355,000055,方大集团,2.44,30.01,4405.25,2326.09,10727.24,69795.64
356,000918,嘉凯城,-1.96,-1.02,119688.45,-39171.64,-234344.28,39883.1
357,601168,西部矿业,0.05,0.18,60159.48,57006.78,3037.11,9980.08
358,000797,中国武夷,1.92,6.08,6632.34,3610.56,12763.34,21966.42
359,000875,吉电股份,0.77,-0.03,15327.96,-40688.65,11775.45,1300.49
360,002831,裕同科技,5.28,8.63,12470.19,10138.75,65819.93,87481.6
361,000413,东旭光电,-40.88,299.54,-3244.36,413.94,132623.37,123992.89
362,603002,宏昌电子,1.09,1.03,5722.26,2587.31,6221.98,2667.92
363,000636,风华高科,1.08,-0.32,5729.12,-43060.45,6172.84,13890.61
364,601006,大秦铁路,1.94,1.07,653037.42,667951.65,1264773.36,716848.75
365,600962,国投中鲁,4.51,0.01,708.88,7511.38,3197.3,90.0
366,002514,宝馨科技,1.46,-2.54,3194.36,3191.34,4676.1,-8106.86
367,600307,酒钢宏兴,-22.95,1.86,32090.95,4429.35,-736387.36,8242.16
368,002032,苏 泊 尔,2.86,4.56,31041.68,23650.7,88900.48,107751.92
369,600095,哈高科,-0.17,1.47,-8377.07,1042.91,1457.72,1537.73
370,002246,北化股份,2.6,3.02,2111.9,2784.58,5486.49,8397.24
371,600520,中发科技,0.95,3.67,-6020.33,336.42,-5698.42,1235.1
372,600366,宁波韵升,0.53,7.51,64763.12,10642.68,34062.06,79972.13
373,600266,北京城建,1.68,4.57,84997.15,31615.8,142903.2,144356.14
374,600380,健康元,0.85,-16.75,48600.75,-2695.69,41246.97,45141.52
375,600109,国金证券,4.57,1.72,51636.75,75620.79,235977.62,129873.05
376,600550,保变电气,0.15,0.12,58615.54,94321.39,9065.11,10912.81
377,600078,澄星股份,0.3,0.52,5991.24,11558.79,1793.06,6007.04
378,000096,广聚能源,1.32,2.26,11123.13,12969.8,14725.29,29288.74
379,600428,中远海特,1.07,0.03,13550.01,144822.47,14558.14,5026.09
380,300273,和佳股份,6.24,16.36,1697.03,545.48,10581.89,8922.63
381,002435,长江润发,1.01,4.29,4316.84,3736.02,4367.33,16014.8
382,002292,奥飞娱乐,4.81,7.65,10164.65,6517.96,48904.0,49844.44
383,000524,岭南控股,-0.75,7.21,-5254.6,424.8,3923.17,3061.49
384,000043,中航地产,6.38,5.62,6286.75,2869.77,40121.89,16139.09
385,600416,湘电股份,0.48,2.36,13219.61,5880.86,6348.28,13877.86
386,600482,中国动力,3.94,-3.74,4439.45,-28731.24,17507.87,107324.9
387,601933,永辉超市,2.38,5.81,25429.29,21370.78,60532.83,124200.57
388,600732,ST新梅,-6.66,0.24,1687.47,8192.49,-11240.92,1954.76
389,300402,宝色股份,0.12,-4.61,3427.64,2158.9,417.02,-9961.51
390,000159,国际实业,0.37,0.24,15068.08,14772.59,5602.15,3521.76
391,000023,深天地Ａ,1.09,0.47,2460.54,2131.51,2673.07,995.22
392,002452,长高集团,0.91,1.7,7452.75,7110.83,6811.73,12055.62
393,601288,农业银行,2.78,3.57,6499200.0,5147400.0,18058200.0,18394100.0
394,300170,汉得信息,4.63,7.06,4628.8,3419.14,21424.0,24138.2
395,002635,安洁科技,6.37,10.14,4823.03,3816.43,30704.49,38710.92
396,002198,嘉应制药,4.4,4.02,1507.87,1372.11,6635.49,5517.2
397,002357,富临运业,4.46,3.28,4030.52,2887.81,17969.08,9485.58
398,002612,朗姿股份,1.19,4.36,6238.14,3764.52,7445.64,16401.58
399,600015,华夏银行,5.02,6.41,376022.68,307083.83,1888300.0,1967700.0
400,600354,敦煌种业,0.74,-18.26,3002.45,1391.12,2234.52,-25403.86
401,600037,歌华有线,2.04,2.21,33008.5,32885.07,67276.08,72520.19
402,600728,佳都科技,23.45,6.63,726.27,1628.47,17034.46,10793.38
403,300094,国联水产,0.24,1.23,9601.79,7622.73,2276.57,9394.46
404,000410,*ST沈机,-23.6,-66.22,2703.52,2119.17,-63803.4,-140332.93
405,000700,模塑科技,11.31,4.22,2619.74,4415.33,29640.82,18617.31
406,601222,林洋能源,3.12,4.45,15886.14,10661.6,49515.87,47442.48
407,000917,电广传媒,12.96,15.62,2942.48,2133.09,38135.32,33314.18
408,600351,亚宝药业,1.72,0.26,12929.41,8545.59,22209.04,2252.19
409,600302,标准股份,4.51,16.5,1048.9,357.28,4734.41,5895.36
410,300269,联建光电,6.19,13.53,3614.03,2978.44,22367.2,40296.02
411,000972,*ST中基,-1.86,3.84,2598.71,-6621.97,-4830.86,-25411.15
412,000819,岳阳兴长,0.96,0.32,5088.84,9530.48,4860.41,3033.76
413,002251,步 步 高,1.29,0.81,16519.32,16282.79,21382.27,13270.47
414,600076,康欣新材,46.8,-10.43,575.63,-3680.7,26941.12,38387.39
415,603128,华贸物流,2.7,2.48,5310.01,9005.97,14313.73,22365.62
416,600149,*ST坊展,-26.03,2.23,246.42,-1110.68,-6415.13,-2479.42
417,002354,天神娱乐,13.33,17.34,2716.5,3152.71,36210.31,54673.41
418,601600,中国铝业,-0.04,43.62,-464606.8,922.8,20631.9,40249.4
419,002036,联创电子,20.8,12.16,778.2,1731.54,16189.85,21047.95
420,002119,康强电子,-1.21,6.83,4721.98,638.58,-5727.96,4361.79
421,601607,上海医药,16.6,38.99,17333.25,8198.28,287698.91,319639.46
422,600206,有研新材,-0.9,0.65,-3373.45,7343.37,3033.9,4789.38
423,002517,恺英网络,19.38,26.96,3378.0,2529.13,65479.89,68174.26
424,600717,天津港,1.9,1.34,64366.48,94168.4,122538.74,126368.67
425,600815,*ST厦工,-9.42,-14.38,10614.11,18701.98,-99978.19,-268988.29
426,600896,览海投资,1.57,-3.38,1539.58,13582.13,2414.03,-45936.69
427,600582,天地科技,1.73,1.82,70802.64,51338.73,122739.27,93187.96
428,002490,*ST墨龙,-0.97,-2.0,26831.52,30581.07,-25956.5,-61247.64
429,600882,广泽股份,-25.27,-0.36,1087.7,-9068.64,-27491.06,3221.01
430,600163,中闽能源,-0.01,29.58,-44786.17,356.62,578.47,10547.85
431,000952,广济药业,0.49,1.44,4300.38,9877.01,2092.15,14183.92
432,601616,广电电气,0.04,-0.97,21367.59,11552.61,794.98,-11236.62
433,002484,江海股份,2.04,3.02,6317.35,4942.14,12907.28,14904.66
434,600479,千金药业,0.71,1.15,13091.36,12989.2,9295.96,14942.87
435,600208,新湖中宝,1.01,6.95,115017.03,84054.54,116072.33,583846.08
436,601107,四川成渝,1.2,1.92,82747.97,54449.19,99568.04,104717.37
437,000619,海螺型材,0.43,1.06,22151.24,7160.08,9455.33,7597.19
438,002370,亚太药业,1.15,3.01,4815.22,4161.0,5549.93,12529.06
439,002171,楚江新材,1.75,-4.39,4031.15,-4270.73,7044.92,18740.15
440,000567,海德股份,1.64,0.1,1419.19,2908.2,2324.29,297.77
441,600515,海航基础,-0.72,-12.57,-8843.43,-7638.17,6393.77,95975.83
442,600744,华银电力,7.06,-0.18,5395.91,-106152.76,38110.84,18802.6
443,603006,联明股份,3.01,9.23,3246.88,1399.25,9773.28,12912.75
444,002146,荣盛发展,3.98,11.19,60954.02,37069.8,242823.51,414809.31
445,000676,智度股份,-0.04,-11.24,-9947.33,-2811.62,350.35,31611.38
446,600493,凤竹纺织,0.7,10.95,1866.71,515.34,1299.8,5642.09
447,600225,*ST松江,-5.11,-7.05,13291.08,6450.42,-67952.74,-45500.02
448,002598,山东章鼓,0.9,1.15,6084.99,4857.22,5472.47,5586.19
449,002559,亚威股份,1.86,3.25,3960.2,3594.01,7356.96,11678.96
450,002044,美年健康,13.71,25.92,1898.26,1307.66,26027.34,33891.04
451,002553,南方轴承,2.52,3.36,2593.07,2153.92,6522.22,7228.0
452,000598,兴蓉环境,-7.22,-91.3,-11416.03,-957.5,82473.45,87421.51
453,002421,达实智能,5.25,14.08,2909.12,1957.26,15263.33,27549.54
454,002123,梦网荣信,0.53,1.97,18541.17,13022.28,9855.92,25613.32
455,600028,中国石化,0.53,1.56,6129000.0,2968900.0,3220700.0,4641600.0
456,002337,赛象科技,-0.97,0.14,10182.24,8948.21,-9883.69,1291.05
457,300006,莱美药业,0.51,0.21,4046.78,3288.67,2061.24,698.11
458,600633,浙数文化,-31.61,-17.2,-1930.58,-3556.13,61029.69,61163.22
459,600021,上海电力,3.47,-0.61,38361.54,-150698.33,133244.26,91645.74
460,600682,南京新百,4.13,5.4,8868.18,7411.53,36650.41,39985.52
461,002454,松芝股份,2.04,2.02,15180.0,11605.33,31019.67,23413.83
462,600987,航民股份,3.02,4.32,16063.28,12550.85,48433.32,54281.05
463,002277,友阿股份,2.07,2.49,14962.38,12008.65,31018.31,29917.18
464,300046,台基股份,0.63,1.04,4566.17,3706.04,2873.6,3854.35
465,000534,万泽股份,3.22,3.96,1442.14,1924.42,4642.8,7619.02
466,000698,沈阳化工,2.74,3.54,6858.55,9617.17,18785.96,34049.22
467,002562,兄弟科技,1.99,4.5,4137.9,3723.46,8224.45,16766.84
468,002666,德联集团,1.94,2.66,9219.57,5280.81,17870.75,14055.28
469,600261,阳光照明,3.08,4.41,12047.09,10245.5,37164.94,45220.27
470,600067,冠城大通,0.75,1.85,28365.24,17390.43,21245.05,32151.71
471,000691,ST亚太,1.76,-0.06,657.09,-2427.48,1159.38,134.63
472,002030,达安基因,2.14,2.73,4735.64,3910.78,10123.73,10668.55
473,002397,梦洁股份,1.75,1.93,8860.92,5043.27,15533.3,9727.28
474,601992,金隅股份,1.07,2.05,188716.53,130758.91,201745.38,268665.39
475,600993,马应龙,1.24,3.11,18008.11,8042.95,22325.61,25024.39
476,600696,*ST匹凸,-16.42,-84.7,623.63,542.85,-10242.49,-45977.59
477,600339,中油工程,-661.6,19.62,143.23,6563.71,-94761.52,128753.91
478,600736,苏州高新,0.91,1.5,20994.65,20528.67,19141.63,30711.28
479,000062,深圳华强,1.87,9.34,20053.01,4559.54,37558.01,42586.09
480,002662,京威股份,2.63,5.13,17272.03,12377.94,45349.01,63545.18
481,600531,豫光金铅,0.12,2.88,10319.61,6125.38,1250.54,17642.22
482,002389,南洋科技,2.41,4.16,4146.75,2952.54,10007.79,12277.68
483,002648,卫星石化,-4.06,5.77,10751.08,5397.12,-43601.12,31156.46
484,600469,风神股份,0.8,-0.87,31005.36,-9713.55,24723.41,8455.14
485,600016,民生银行,3.81,6.07,1210400.0,788500.0,4611100.0,4784300.0
486,600355,精伦电子,0.54,-0.15,-16688.0,-7723.21,-8987.53,1129.44
487,002420,毅昌股份,0.39,0.27,12203.54,7108.67,4716.77,1920.52
488,601028,玉龙股份,0.74,-4.77,17716.16,13425.67,13022.9,-64034.97
489,600872,中炬高新,3.6,4.54,6865.55,7974.94,24727.03,36236.93
490,300043,星辉娱乐,9.01,18.04,3906.55,2538.35,35193.36,45802.77
491,300266,兴源环境,3.51,11.76,2901.35,1579.79,10186.5,18578.17
492,002468,申通快递,0.06,8.31,6142.57,15191.01,386.67,126164.96
493,000971,高升控股,-0.04,9.15,-6850.51,1214.14,260.19,11104.25
494,300107,建新股份,0.55,1.02,4205.59,2226.06,2315.07,2275.28
495,600731,湖南海利,3.56,4.02,386.42,352.05,1376.15,1415.5
496,002275,桂林三金,1.23,1.44,30731.49,27372.66,37667.28,39366.0
497,600791,京能置业,4.95,0.42,1588.31,10872.45,7855.4,4613.05
498,600218,全柴动力,1.5,7.27,5137.25,1305.24,7703.02,9489.14
499,002093,国脉科技,0.45,1.0,9312.98,7747.64,4199.38,7734.54
500,000993,闽东电力,0.25,0.53,9042.72,4977.23,2290.52,2633.05
501,600191,华资实业,2.8,-0.07,5269.39,-14541.39,14762.51,993.96
502,000012,南 玻Ａ,0.75,1.9,83194.44,42007.98,62475.31,79772.16
503,600178,东安动力,0.1,0.49,23409.37,16019.68,2343.59,7854.68
504,002126,银轮股份,3.71,5.9,5398.04,4354.05,20039.7,25672.92
505,600240,华业资本,7.54,12.54,11702.29,9715.81,88261.66,121849.87
506,300031,宝通科技,1.41,4.64,4830.51,3033.84,6829.82,14072.57
507,600080,金花股份,-1.74,-0.51,-1458.85,-5318.35,2538.41,2729.91
508,000059,华锦股份,1.68,4.69,19610.61,38484.05,32868.55,180324.35
509,002221,东华能源,10.7,14.39,3842.12,3265.12,41113.9,46988.11
510,300050,世纪鼎利,1.03,3.08,11134.45,3898.59,11443.36,11993.82
511,300106,西部牧业,0.76,-2.22,3044.28,2351.54,2311.28,-5221.47
512,002024,苏宁云商,0.3,0.32,288995.6,217018.9,87250.4,70441.4
513,002253,川大智胜,0.99,1.29,3360.09,3015.11,3341.19,3889.1
514,002544,杰赛科技,2.56,3.36,4195.1,3164.11,10730.9,10644.69
515,600182,S佳通,1.36,70.97,14855.9,212.98,20230.46,15115.83
516,600390,五矿资本,2.42,36.63,-15291.28,4250.91,-37038.73,155705.79
517,000878,云南铜业,0.07,-0.07,37314.01,-279222.88,2595.43,20342.72
518,300005,探路者,5.98,6.5,4403.4,2546.55,26339.62,16560.51
519,000026,飞亚达Ａ,1.74,1.72,7006.72,6452.25,12170.21,11066.27
520,601233,桐昆股份,0.35,10.91,33101.73,10379.38,11520.46,113214.71
521,300532,今天国际,2.62,4.51,2374.15,1211.18,6230.28,5464.03
522,600120,浙江东方,5.55,7.87,10615.91,8407.62,58886.5,66129.92
523,002376,新北洋,1.72,3.76,8558.76,6036.2,14727.8,22712.66
524,600692,亚通股份,10.47,1.86,393.83,2532.64,4122.42,4712.12
525,300195,长荣股份,2.72,2.85,6066.88,4760.87,16477.09,13564.82
526,601788,光大证券,2.71,2.2,282666.14,136754.01,764651.61,301301.92
527,002054,德美化工,1.91,1.51,16008.18,9825.07,30586.72,14832.93
528,002173,创新医疗,-5.54,3.07,1178.44,3735.94,-6533.77,11471.35
529,000681,视觉中国,38.24,-6.48,411.98,-3312.24,15755.78,21465.92
530,600867,通化东宝,6.69,13.69,7371.51,4682.33,49295.9,64092.34
531,000423,东阿阿胶,4.14,6.45,39212.4,28704.47,162502.7,185247.35
532,300049,福瑞股份,2.66,4.69,3441.81,2581.7,9168.52,12104.79
533,002111,威海广泰,3.32,2.58,5024.74,6537.46,16681.13,16853.96
534,600271,航天信息,2.55,2.78,61049.4,55345.45,155468.82,153593.98
535,300282,汇冠股份,-4.96,9.44,2249.06,1332.21,-11146.37,12570.25
536,300212,易华录,11.27,10.21,1107.99,1381.63,12492.22,14110.56
537,603861,白云电器,1.8,9.2,9578.16,1754.95,17216.21,16150.98
538,601998,中信银行,2.87,3.13,1432000.0,1332000.0,4115800.0,4162900.0
539,601965,中国汽研,4.13,5.35,7523.17,6387.58,31087.94,34184.23
540,601818,光大银行,3.86,4.15,764347.3,731630.0,2952800.0,3032900.0
541,601808,XD中海油,0.34,-3.69,313531.66,310224.11,107390.71,-1145618.63
542,601717,郑煤机,0.07,0.13,63041.41,48102.46,4219.86,6199.74
543,601677,明泰铝业,1.22,8.08,14203.79,3331.42,17296.61,26917.75
544,601555,东吴证券,3.69,6.61,73495.48,22657.05,270849.49,149828.85
545,601313,江南嘉捷,2.21,2.7,10215.33,5897.76,22548.31,15944.74
546,601009,南京银行,4.53,5.67,154373.12,145609.5,700057.6,826163.5
547,601001,大同煤业,-1.21,0.09,149074.01,200993.27,-180102.09,18571.19
548,600992,贵绳股份,0.62,0.63,2937.58,3321.02,1835.77,2103.52
549,600969,郴电国际,1.7,-0.5,6239.56,-19928.78,10633.49,10021.36
550,600890,中房股份,0.3,1.58,4055.3,-2657.72,1213.35,-4201.88
551,600858,银座股份,0.87,0.16,11888.6,13649.7,10371.9,2207.58
552,600846,同济科技,1.99,6.93,8053.78,2621.81,16025.33,18161.26
553,600836,界龙实业,1.21,-0.96,1508.98,1143.73,1825.34,-1098.34
554,600834,申通地铁,0.67,0.66,10233.83,7907.57,6896.52,5194.22
555,600829,人民同泰,0.5,0.83,27878.64,26928.15,13891.62,22450.99
556,600792,云煤能源,2.48,3.31,-28055.44,1465.85,-69684.77,4854.26
557,600740,山西焦化,1.11,-0.19,-74538.22,-23802.8,-83020.68,4421.64
558,600739,辽宁成大,0.38,1.01,134127.68,93948.37,51450.02,94780.41
559,600738,兰州民百,3.42,2.24,2467.15,2782.28,8448.49,6243.88
560,600733,S*ST前锋,-8.59,-11.74,352.54,284.48,-3029.01,-3340.21
561,600727,鲁北化工,-0.58,-0.04,-4798.77,-67353.48,2771.85,3015.84
562,600725,ST云维,-27.72,11.57,9381.39,13348.31,-260033.18,154456.34
563,600718,东软集团,0.6,3.77,64056.4,49077.89,38635.72,185097.72
564,600701,工大高新,-0.4,-1.41,4551.23,-5439.29,-1836.27,7658.02
565,600688,上海石化,2.08,-0.95,156160.5,-624541.2,324584.9,595557.6
566,600666,奥瑞德,7.39,12.51,4069.67,3719.37,30061.23,46531.88
567,600655,豫园商城,1.68,1.46,48147.17,32855.22,80720.42,47884.45
568,600653,申华控股,0.5,2.19,10629.35,3035.28,5298.45,6660.28
569,600648,外高桥,1.53,2.99,35307.22,24205.46,53941.71,72255.32
570,600643,爱建集团,8.86,38.16,6258.71,1626.08,55468.08,62050.08
571,600636,*ST爱富,-16.48,4.42,1887.19,-6961.52,-31101.36,-30787.57
572,600628,新世界,0.29,1.55,18038.23,16291.31,5220.75,25272.05
573,600619,海立股份,1.09,10.95,6298.43,1608.53,6844.31,17616.36
574,600603,广汇物流,-61.66,7.78,315.81,3172.46,-19471.59,24687.11
575,600569,安阳钢铁,-20.02,1.0,12740.59,12369.65,-255062.26,12323.71
576,600568,中珠医疗,0.5,7.18,14654.78,4097.42,7341.1,29417.41
577,600527,江南高纤,-0.2,0.39,9131.88,7069.28,-1869.71,2744.91
578,600513,联环药业,2.91,4.77,1719.9,1314.47,5011.5,6269.02
579,600490,鹏欣资源,-0.14,-1.01,-14504.31,-5104.58,1962.04,5149.29
580,600488,天药股份,1.2,1.27,6538.91,5022.38,7872.39,6380.57
581,600485,信威集团,72.18,26.92,2634.06,5672.74,190125.82,152695.92
582,600468,百利电气,0.55,2.29,3059.67,2330.56,1674.02,5325.52
583,600369,西南证券,3.53,17.27,100716.26,5314.39,355465.05,91757.27
584,600353,旭光股份,2.71,2.53,1789.73,1724.93,4855.49,4357.53
585,600310,桂东电力,7.61,2.49,4938.68,8402.55,37591.35,20940.02
586,600277,亿利洁能,1.4,-3.09,9308.3,-8374.23,13070.47,25843.43
587,600210,紫江企业,0.16,1.21,65403.21,18522.11,10715.19,22388.6
588,600197,伊力特,2.58,2.26,10923.87,12265.18,28192.78,27680.13
589,600195,中牧股份,1.21,2.07,22796.6,16178.27,27566.69,33442.01
590,600165,新日恒力,9.33,-34.09,493.92,563.23,4608.87,-19202.07
591,600159,大龙地产,0.18,42.8,33887.76,236.05,5963.35,10104.0
592,600146,商赢环球,1.27,12.86,-4804.56,224.84,-6107.29,2890.86
593,600100,同方股份,3.59,17.11,35137.02,25142.68,126159.34,430232.93
594,600053,九鼎投资,22.2,3.24,1290.47,19353.78,28653.57,62794.41
595,600051,宁波联合,1.0,1.2,12680.65,12374.48,12721.78,14859.95
596,600050,中国联通,1.11,0.01,313702.45,1974141.28,347159.09,15407.41
597,600029,南方航空,10.76,-1.05,35800.0,-482900.0,385100.0,505500.0
598,600009,上海机场,3.58,3.26,70633.87,85971.48,253143.3,280565.07
599,600006,东风汽车,1.08,0.69,31793.97,31548.2,34437.99,21885.45
600,300345,红宇新材,0.98,0.65,3080.86,1398.55,3021.84,913.54
601,300313,天山生物,-3.42,-27.31,1041.57,511.27,-3566.0,-13962.98
602,300312,邦讯技术,0.3,8.6,3043.55,228.9,912.44,1968.18
603,300310,宜通世纪,1.91,5.48,3277.13,3115.84,6258.58,17073.83
604,300301,长方集团,9.79,-47.05,1030.69,133.35,10086.57,-6274.47
605,300298,三诺生物,5.51,16.07,2607.4,716.77,14366.3,11519.83
606,300297,蓝盾股份,4.2,17.53,2842.66,1842.15,11945.25,32289.49
607,300291,华录百纳,12.16,23.73,2195.33,1594.92,26690.23,37845.78
608,300289,利德曼,3.8,2.66,4141.49,2616.23,15721.96,6964.86
609,300284,苏交科,3.83,5.33,8113.69,7116.16,31063.35,37920.96
610,300278,华昌达,6.68,21.02,1507.45,554.02,10066.07,11647.07
611,300268,万福生科,-2.51,0.23,3956.39,2565.82,-9944.32,587.97
612,300252,金信诺,2.76,5.54,5025.74,3525.88,13853.66,19543.69
613,300248,新开普,3.07,6.69,1966.19,1267.48,6040.2,8485.02
614,300239,东宝生物,0.52,1.62,1136.76,1189.39,588.96,1922.7
615,300234,开尔新材,4.13,2.18,1602.0,1306.55,6617.51,2845.57
616,300225,金力泰,1.01,2.56,6886.21,2740.87,6924.02,7023.55
617,300213,佳讯飞鸿,2.2,3.31,3776.23,3115.49,8292.88,10320.67
618,300209,天泽信息,0.06,4.66,2781.58,2090.01,175.86,9737.66
619,300207,欣旺达,9.57,21.39,3395.08,2103.92,32501.09,44993.0
620,300201,海伦哲,0.79,3.46,3221.08,2553.18,2556.82,8838.28
621,300198,纳川股份,0.57,2.84,4679.17,2247.73,2676.04,6386.81
622,300168,万达信息,5.78,9.39,3993.39,2538.48,23082.05,23827.32
623,300161,华中数控,-0.96,0.36,4295.84,3724.06,-4135.9,1331.83
624,300152,科融环境,0.42,-3.67,6232.09,3591.96,2592.37,-13184.07
625,300151,昌红科技,1.04,1.36,2858.65,2324.56,2965.88,3150.2
626,300149,量子高科,2.02,2.8,2939.42,2317.94,5946.95,6498.1
627,300148,天舟文化,8.71,17.14,2023.24,1420.75,17621.79,24356.9
628,300134,大富科技,0.69,1.77,13957.66,7036.49,9603.52,12466.69
629,300126,锐奇股份,0.18,0.21,4253.07,2996.74,767.89,624.79
630,300116,坚瑞沃能,1.65,23.72,2138.95,1789.51,3536.7,42455.15
631,300095,华伍股份,1.11,1.65,4691.81,2821.14,5210.03,4642.77
632,300092,科新机电,-1.11,0.9,3697.65,3525.33,-4098.86,3188.97
633,300089,文化长城,0.28,5.02,4465.07,2723.94,1239.01,13679.72
634,300088,长信科技,3.93,7.5,6054.62,4628.2,23771.45,34709.78
635,300087,荃银高科,0.65,1.25,3383.42,2451.06,2213.64,3067.72
636,300078,思创医惠,2.36,4.52,5976.13,4161.98,14096.82,18797.89
637,300025,华星创业,4.11,4.3,2637.19,1743.93,10849.39,7498.3
638,300022,吉峰农机,0.25,0.43,5023.46,2762.6,1269.14,1176.04
639,300014,亿纬锂能,3.79,8.12,3995.31,3102.24,15130.26,25181.52
640,002682,龙洲股份,0.66,0.87,6786.9,5796.28,4478.2,5031.25
641,002675,东诚药业,2.81,8.69,3198.85,1506.51,8974.54,13095.26
642,002669,康达新材,2.51,7.47,4485.77,1106.29,11254.42,8262.51
643,002654,万润科技,2.95,6.59,1912.19,2173.32,5648.01,14330.71
644,002650,加加食品,1.82,2.16,8101.73,6942.26,14732.18,15009.84
645,002642,荣之联,7.14,9.62,2927.18,2495.47,20898.58,24010.41
646,002640,跨境通,5.9,18.74,2852.52,2101.17,16838.67,39376.82
647,002638,勤上股份,0.31,-7.18,6639.75,5956.51,2074.46,-42747.65
648,002629,仁智股份,-2.4,0.72,4095.85,3384.78,-9821.88,2452.35
649,002625,光启技术,1.2,3.9,3354.58,1690.11,4033.7,6594.25
650,002619,巨龙管业,3.88,17.08,4088.85,1253.68,15874.98,21416.15
651,002610,爱康科技,2.28,3.07,4872.13,4799.59,11125.46,14743.39
652,002580,圣阳股份,0.79,2.38,4151.5,2266.19,3290.32,5386.3
653,002569,步森股份,0.35,0.24,3266.49,2765.52,1150.41,659.96
654,002558,巨人网络,-1.41,50.55,2309.61,2114.5,-3253.78,106893.7
655,002547,春兴精工,3.25,4.19,5570.48,3899.02,18116.63,16345.32
656,002513,蓝丰生化,-0.7,1.1,9890.62,9782.57,-6876.96,10718.06
657,002505,大康农业,0.1,2.58,3020.09,2957.0,299.72,7622.33
658,002504,*ST弘高,11.66,12.12,2316.14,1978.23,27000.93,23976.34
659,002503,搜于特,3.59,11.95,5406.17,3026.58,19397.48,36170.6
660,002499,科林环保,0.83,1.05,3344.97,1846.31,2763.39,1929.72
661,002498,汉缆股份,0.74,1.81,46977.12,23082.2,34917.49,41677.43
662,002486,嘉麟杰,-2.39,0.32,4279.76,3690.19,-10231.95,1185.84
663,002473,*ST圣莱,0.16,-1.51,2721.55,2296.3,431.43,-3473.86
664,002471,中超控股,2.2,2.47,5065.9,4533.66,11133.18,11194.66
665,002469,三维工程,3.42,0.39,3679.89,3009.6,12575.07,1176.7
666,002464,金利科技,0.75,3.94,4309.09,4690.26,3234.87,18457.53
667,002433,太安堂,3.53,6.36,5389.07,3828.54,19012.35,24332.76
668,002427,尤夫股份,1.57,2.18,6383.45,7734.11,10004.44,16861.62
669,002417,三元达,0.59,-3.36,4957.63,3133.66,2937.67,-10543.58
670,002368,太极股份,3.28,5.97,6150.08,5048.51,20150.03,30159.54
671,002358,森源电气,3.03,6.59,6032.11,5018.61,18260.96,33055.74
672,002356,赫美集团,1.93,3.0,5463.89,4645.2,10559.15,13924.24
673,002339,积成电子,3.27,2.15,4407.67,3673.25,14410.57,7898.45
674,002331,皖通科技,2.09,2.93,3318.51,2626.73,6949.44,7687.27
675,002312,*ST三泰,-0.8,-36.11,4747.61,3611.11,-3792.79,-130383.54
676,002280,联络互动,8.14,9.79,3880.42,3611.88,31596.54,35363.09
677,002269,美邦服饰,-0.71,0.06,60422.85,58751.61,-43192.15,3615.86
678,002267,陕天然气,1.65,1.72,35571.85,29559.05,58627.17,50853.57
679,002264,新 华 都,-5.44,0.84,6868.59,6446.74,-37393.51,5438.36
680,002263,大 东 南,0.29,-3.93,5346.38,4717.84,1530.25,-18560.78
681,002260,德奥通航,0.56,0.24,-3841.0,2169.46,-2165.45,514.21
682,002256,兆新股份,1.32,3.19,3891.29,3633.44,5122.83,11593.49
683,002255,海陆重工,0.78,1.01,10928.51,7465.8,8480.47,7535.26
684,002252,上海莱士,10.63,15.39,13566.3,10479.08,144241.43,161315.36
685,002240,威华股份,3.9,0.35,-4994.79,6751.27,-19482.86,2340.58
686,002180,纳思达,12.51,2.21,2248.07,2765.09,28126.08,6107.51
687,002175,东方网络,11.69,7.01,456.4,872.83,5336.49,6117.07
688,002163,中航三鑫,-6.11,0.22,3762.18,4384.69,-23002.23,946.25
689,002148,北纬通信,-0.54,2.29,3550.32,3449.2,-1909.82,7883.05
690,002147,新光圆成,0.09,16.72,3780.39,9146.89,340.0,152965.62
691,002141,贤丰控股,2.16,6.21,319.25,135.8,688.46,843.42
692,002128,露天煤业,0.55,1.14,97767.77,72002.83,53384.45,82395.56
693,002113,天润数娱,0.06,10.18,-7147.56,531.7,-438.82,5411.31
694,002101,广东鸿图,2.81,5.74,4586.55,2894.38,12868.5,16608.65
695,002098,浔兴股份,2.31,5.66,3110.13,2094.39,7196.83,11849.59
696,002075,沙钢股份,0.49,-0.43,-16323.01,-51201.45,-8062.18,21999.55
697,002070,*ST众和,-2.3,-1.42,6393.81,3397.3,-14682.11,-4829.56
698,002050,三花智控,2.55,3.41,23785.39,25129.69,60540.69,85745.53
699,002012,凯恩股份,0.32,0.39,6104.42,2227.8,1930.02,868.91
700,002006,精功科技,0.68,-1.31,2322.31,-4793.21,1586.32,6285.68
701,000983,西山煤电,0.06,0.12,222966.91,348942.88,14104.77,43407.65
702,000953,*ST河化,0.81,1.12,-13201.65,-12674.58,-10701.35,-14176.06
703,000951,中国重汽,0.65,0.88,42789.71,47286.56,27851.99,41817.89
704,000936,华西股份,0.94,7.9,9089.8,7648.7,8580.33,60445.1
705,000935,四川双马,-0.54,1.58,21019.11,5357.89,-11372.5,8453.89
706,000919,金陵药业,0.94,2.18,22095.76,8259.84,20810.93,18015.13
707,000916,华北高速,0.47,1.19,28985.92,25199.23,13580.29,30001.0
708,000887,中鼎股份,3.57,6.75,20004.86,13349.17,71370.59,90104.69
709,000885,同力水泥,0.32,0.86,11320.98,4936.98,3608.93,4269.42
710,000862,银星能源,-3.26,0.38,3595.43,2873.53,-11703.16,1103.02
711,000839,中信国安,0.57,0.65,61175.19,35587.1,35146.95,23020.17
712,000838,财信发展,33.84,10.55,247.83,1054.67,8387.73,11130.79
713,000836,鑫茂科技,2.46,0.2,5591.5,23258.9,13781.74,4744.71
714,000825,太钢不锈,-4.1,0.93,90575.38,123481.52,-371139.76,114565.52
715,000821,京山轻机,15.76,16.16,320.99,528.12,5058.83,8536.3
716,000755,*ST三维,-47.48,-49.0,1064.18,1377.4,-50522.33,-67490.91
717,000735,罗 牛 山,0.99,0.98,6119.34,8138.35,6082.96,7988.14
718,000718,苏宁环球,1.26,2.06,71401.22,51997.43,90016.2,107119.48
719,000682,东方电子,2.34,3.16,2145.3,1888.7,5020.96,5972.58
720,000673,当代东方,-2.43,-1.98,-4558.53,-8970.32,11074.87,17747.05
721,000662,天夏智慧,-0.87,42.74,293.12,756.94,-253.9,32349.9
722,000650,仁和药业,2.36,5.31,16549.34,7016.1,39130.36,37238.03
723,000613,*ST东海A,2.5,-6.16,-299.66,43.19,-747.79,-266.11
724,000610,西安旅游,-3.83,1.0,-282.77,1067.77,1082.49,1071.33
725,000573,粤宏远Ａ,-4.51,-1.71,2040.86,-11503.18,-9206.27,19716.65
726,000571,新大洲Ａ,0.45,0.65,12716.0,5018.18,5679.53,3284.92
727,000560,昆百大Ａ,0.78,2.14,3936.16,3691.89,3082.75,7916.58
728,000557,西部创业,-0.09,-0.03,18465.09,-26909.01,-1743.85,833.95
729,000552,靖远煤电,3.37,2.44,5329.31,9095.9,17982.63,22171.86
730,000533,万 家 乐,0.64,3.45,19332.24,6566.51,12379.51,22665.79
731,000521,美菱电器,0.09,8.58,30119.83,2567.9,2649.63,22021.67
732,000517,荣安地产,0.13,-2.18,81163.93,-6833.31,10326.52,14893.44
733,000506,中润资源,0.09,0.04,23756.55,19988.56,2173.44,878.93
734,000503,海虹控股,2.91,5.17,791.7,541.59,2306.34,2802.12
735,000488,晨鸣纸业,1.22,1.92,83594.8,107529.17,102122.47,206398.68
736,000153,丰原药业,1.41,3.23,2298.62,1418.36,3238.96,4583.63
737,000099,中信海直,1.51,0.92,11183.45,9302.51,16941.16,8592.95
738,000032,深桑达Ａ,1.34,0.83,4074.89,7324.76,5459.15,6071.29
739,000025,特 力Ａ,6.79,5.93,630.05,458.43,4276.88,2719.36
740,000021,深科技,0.7,0.68,25861.99,31647.96,18066.03,21442.35
741,000008,神州高铁,592.25,697.68,31.35,74.8,18567.15,52186.62
742,000007,全新好,0.54,-1.27,2612.94,-6122.65,1399.62,7801.9
743,002120,韵达股份,1.6,28.56,3117.0,4122.08,4981.79,117722.43
744,600211,西藏药业,4.8,30.57,1908.71,648.63,9163.58,19828.95
745,002151,北斗星通,0.99,1.13,5103.96,4584.92,5069.3,5168.3
746,002324,普利特,2.71,7.14,9607.29,3891.1,26039.43,27794.21
747,600702,沱牌舍得,0.13,1.93,5378.83,4148.46,712.81,8019.9
748,000504,南华生物,0.16,-0.13,-13465.67,-17006.39,-2121.8,2175.61
749,300286,安科瑞,2.56,5.82,2500.03,1375.95,6412.41,8012.96
750,600835,上海机电,3.94,2.24,46574.14,64660.48,183457.21,144909.1
751,600629,华建集团,2.25,2.76,6528.12,8745.58,14664.29,24139.62
752,300281,金明精机,1.6,2.51,1832.38,1302.48,2930.33,3266.74
753,300254,仟源医药,0.79,2.31,2890.04,1303.5,2290.0,3014.77
754,000988,华工科技,1.0,4.08,15053.08,5628.39,15083.04,22980.98
755,000970,中科三环,3.74,3.24,7355.72,9785.09,27476.35,31659.31
756,002295,精艺股份,0.1,0.17,6130.33,5461.72,636.61,918.43
757,300091,金通灵,0.61,1.31,5448.77,3534.61,3327.4,4640.54
758,002286,保龄宝,1.04,1.1,3927.38,4477.72,4094.6,4934.27
759,600687,刚泰控股,78.36,174.59,443.53,284.13,34755.15,49606.71
760,002445,中南文化,2.08,3.49,6705.68,6548.25,13936.27,22861.9
761,600378,天科股份,1.04,0.48,4137.6,5640.87,4321.31,2711.12
762,600299,安迪苏,-9.59,-12.14,-15945.11,-15362.05,152865.11,186534.63
763,300051,三五互联,-2.29,2.01,3479.55,2831.25,-7974.52,5688.85
764,002367,康力电梯,5.8,8.44,8420.45,5024.87,48875.53,42406.83
765,002293,罗莱生活,2.7,2.88,15197.1,11006.71,41008.83,31729.69
766,002090,金智科技,2.59,2.22,5025.02,4928.04,13029.62,10918.75
767,002577,雷柏科技,-2.78,0.47,9335.29,3810.45,-25945.64,1793.53
768,600196,复星医药,0.98,4.06,249820.18,69085.65,246009.36,280583.71
769,002297,博云新材,-5.27,0.25,2584.13,2524.98,-13614.88,629.17
770,002637,赞宇科技,0.57,11.45,2732.74,1325.13,1566.87,15179.28
771,002345,潮宏基,3.02,4.55,8453.19,5134.06,25532.69,23363.62
772,600775,南京熊猫,9.26,3.21,1552.57,3720.13,14383.67,11924.05
773,002081,金 螳 螂,7.99,12.17,20061.32,13835.31,160233.78,168338.94
774,002023,海特高新,0.72,1.16,5511.83,3529.39,3965.32,4076.84
775,002109,兴化股份,-1.49,0.17,9048.74,16608.97,-13465.05,2808.24
776,601111,中国国航,1.35,-0.74,502945.1,-914908.0,677400.8,681401.5
777,002091,江苏国泰,1.63,4.24,14752.98,12756.41,24002.45,54073.86
778,600089,特变电工,1.23,2.28,152866.58,96262.55,188754.67,219034.82
779,600356,恒丰纸业,0.84,1.51,10494.36,6276.05,8796.81,9467.0
780,600216,浙江医药,0.13,0.46,121375.48,97262.73,16180.13,45010.2
781,000851,高鸿股份,5.13,7.18,1665.04,1116.32,8538.8,8009.69
782,600639,浦东金桥,1.31,2.22,36012.54,27748.55,47151.95,61674.82
783,600168,武汉控股,4.64,5.28,7243.24,5692.18,33617.72,30067.65
784,000429,粤高速Ａ,1.41,2.51,33204.04,39826.09,46938.69,100120.59
785,600548,深高速,2.87,2.32,54021.86,50319.47,155265.64,116935.32
786,002410,广联达,2.31,6.66,10470.07,6355.51,24197.06,42309.6
787,601198,东兴证券,4.04,3.87,50624.41,35000.7,204393.29,135292.93
788,002522,浙江众成,1.38,3.57,4899.63,2896.39,6777.37,10339.52
789,002088,鲁阳节能,0.49,0.71,11672.04,14701.85,5754.57,10466.82
790,002614,奥佳华,1.92,5.45,9397.01,4602.43,18055.39,25103.05
791,002135,东南网架,0.82,1.74,4192.24,2830.8,3458.35,4912.46
792,000514,渝 开 发,0.05,0.95,15523.88,12898.4,737.08,12266.15
793,600405,动力源,1.25,5.34,3977.11,509.03,4990.54,2716.31
794,000899,赣能股份,7.14,10.59,8052.01,3571.03,57455.9,37823.58
795,002015,霞客环保,7.25,-2.93,1502.15,1408.0,10888.2,-4124.19
796,601699,潞安环能,0.05,0.3,210898.31,285020.31,10301.95,85714.09
797,000833,贵糖股份,4.49,0.6,2998.97,6456.84,13450.92,3873.81
798,000757,浩物股份,1.57,-0.23,957.49,-11406.27,1503.35,2631.98
799,002250,联化科技,4.92,3.53,12955.98,7473.57,63807.24,26385.21
800,600712,南宁百货,0.96,-1.23,2875.15,2782.68,2767.85,-3427.64
801,000419,通程控股,1.8,2.64,5682.53,3872.23,10241.07,10224.85
802,600363,联创光电,3.86,4.72,3689.22,3335.06,14247.87,15742.52
803,300074,华平股份,0.76,2.56,4388.9,2757.7,3350.5,7072.15
804,002314,南山控股,1.74,3.42,12725.31,15424.11,22192.81,52699.71
805,002542,中化岩土,6.89,11.99,3295.53,2073.44,22706.02,24854.8
806,600348,阳泉煤业,0.04,0.29,185633.31,145451.81,8339.22,42904.83
807,002462,嘉事堂,4.08,5.39,4241.83,4135.68,17297.65,22309.96
808,002487,大金重工,0.98,1.18,9447.57,6040.21,9266.94,7138.45
809,600026,中远海能,0.37,0.36,106479.39,537300.96,38968.57,192251.27
810,002152,广电运通,2.32,2.55,38793.39,33154.88,89846.51,84397.21
811,002107,沃华医药,1.36,0.91,5237.31,5363.82,7136.57,4880.94
812,000520,长航凤凰,-0.3,0.13,-40977.0,7397.82,12259.47,971.63
813,002405,四维图新,0.96,1.28,13618.19,12191.11,13016.06,15656.91
814,000937,冀中能源,0.22,0.12,160648.95,196406.93,35181.3,24397.57
815,600749,西藏旅游,5.13,2.29,104.37,-4159.14,535.53,-9512.41
816,002062,宏润建设,0.68,0.91,30944.46,25588.74,21112.4,23299.46
817,300187,永清环保,3.19,6.74,3534.07,2100.54,11289.64,14152.25
818,600741,华域汽车,3.12,-167.98,153085.31,-3616.85,478338.23,607575.86
819,000671,阳 光 城,7.82,20.41,18136.96,6026.86,141820.49,123005.98
820,600705,中航资本,18617.31,31535.21,12.42,7.37,231227.04,232414.49
821,601118,海南橡胶,-3.46,0.18,28574.52,33727.55,-98971.32,6130.55
822,601898,中煤能源,-0.38,0.3,662216.9,681186.3,-252008.9,202653.0
823,600122,宏图高科,2.13,3.09,19832.61,14447.56,42165.66,44687.6
824,600481,双良节能,0.98,1.53,35515.04,10531.23,34854.55,16136.0
825,600565,迪马股份,16.35,7.0,2865.58,11089.57,46850.41,77675.29
826,002523,天桥起重,1.5,2.27,5457.7,4705.63,8172.38,10698.65
827,002181,粤 传 媒,4.77,192.83,-9335.88,98.29,-44542.18,18953.67
828,600284,浦东建设,2.38,3.22,15942.03,11145.63,37915.78,35911.23
829,600976,健民集团,1.75,4.1,4885.78,1577.84,8550.02,6465.56
830,002527,新时达,2.97,2.88,6393.85,5940.27,18964.18,17114.37
831,000010,美丽生态,4.52,2.52,739.19,1581.54,3344.36,3987.71
832,600526,菲达环保,6.72,4.63,1248.58,959.48,8396.22,4443.16
833,601012,隆基股份,5.1,15.33,10212.03,10092.38,52032.58,154723.58
834,300016,北陆药业,0.93,0.63,3486.32,2605.36,3257.92,1637.95
835,000561,烽火电子,-2.6,0.12,-2941.51,76526.6,7646.27,8824.01
836,600238,海南椰岛,0.11,0.15,11416.53,-23844.68,1311.85,-3525.01
837,000966,长源电力,18.83,-0.48,5057.22,-83537.24,95223.88,39880.35
838,000563,陕国投Ａ,10.4,7.53,4364.99,6842.45,45395.12,51523.76
839,600724,宁波富达,-5.05,2.53,22927.91,5030.88,-115843.02,12735.85
840,600809,山西汾酒,1.47,2.47,35498.58,24517.17,52060.29,60512.6
841,002201,九鼎新材,1.37,0.27,1165.76,1803.0,1601.96,479.15
842,600831,广电网络,1.71,3.09,7810.59,4307.32,13322.84,13327.37
843,601908,京运通,2.21,1.26,10174.67,20535.98,22454.3,25800.75
844,600674,川投能源,22.55,9.8,17172.73,35868.02,387291.6,351649.4
845,002304,洋河股份,4.28,7.84,125362.0,74305.75,536518.55,582716.89
846,601888,DR中国国,4.81,8.17,31275.27,22122.73,150589.49,180819.05
847,600409,三友化工,10.73,3.7,3846.63,20604.58,41260.72,76286.0
848,600403,*ST大有,-58.83,-151.2,2189.96,1298.01,-128832.6,-196263.13
849,002228,合兴包装,1.71,2.02,6719.1,5105.78,11473.87,10293.65
850,300099,精准信息,0.49,0.8,4820.75,3726.88,2339.35,2991.19
851,002604,龙力生物,0.62,1.77,7961.4,6624.3,4931.21,11747.32
852,002341,新纶科技,-3.06,1.62,3486.91,3104.92,-10661.52,5014.69
853,000001,平安银行,4.35,36.8,503072.9,61403.5,2186500.0,2259900.0
854,600243,青海华鼎,0.55,-2.3,1511.76,2877.12,832.87,-6605.2
855,002176,江特电机,4.35,8.0,904.69,2466.44,3938.78,19729.7
856,000900,现代投资,0.9,1.44,63187.67,57098.39,56685.46,82168.31
857,601218,吉鑫科技,0.39,0.74,33116.25,15818.54,12862.51,11740.71
858,000017,深中华A,0.0,-0.06,-10575.75,-4489.3,-13.84,260.36
859,000006,深振业Ａ,1.28,5.18,32630.67,15021.98,41675.28,77858.09
860,002459,天业通联,-3.97,0.34,8112.2,5874.72,-32189.19,2011.21
861,600833,第一医药,1.03,2.3,4000.36,2001.49,4116.85,4603.42
862,601139,深圳燃气,2.45,4.07,26930.71,18966.41,65966.17,77200.96
863,600381,青海春天,6.95,2.09,5146.21,11704.63,35757.6,24496.09
864,002182,云海金属,5.95,4.07,506.62,4161.45,3013.64,16930.22
865,600000,浦发银行,3.83,4.24,1321658.11,1251596.81,5060400.0,5309900.0
866,600256,广汇能源,0.46,0.43,53740.32,47724.58,24838.8,20559.88
867,601918,新集能源,-3.07,0.2,83314.46,120270.07,-256116.4,24173.64
868,600141,兴发集团,0.56,0.35,13890.44,29517.34,7727.37,10201.76
869,002400,省广股份,10.28,13.27,5329.65,4607.92,54764.35,61124.64
870,002668,奥马电器,3.79,5.71,7054.28,5218.87,26703.38,29804.49
871,002116,中国海诚,3.69,2.37,6176.94,5662.56,22800.03,13427.28
872,002685,华东重机,0.48,1.61,4525.78,1846.23,2191.08,2971.79
873,300113,顺网科技,9.11,28.74,3135.31,1812.63,28559.97,52100.91
874,002565,顺灏股份,1.48,1.26,9675.97,7829.51,14347.58,9840.76
875,002004,华邦健康,4.99,6.38,12768.44,8881.0,63662.54,56686.83
876,600137,浪莎股份,-0.69,0.52,2996.12,2599.61,-2068.31,1345.88
877,600235,民丰特纸,-1.46,1.06,10661.94,1181.14,-15518.91,1255.07
878,600396,金山股份,6.36,1.89,4066.85,1135.88,25862.27,2144.25
879,600510,黑牡丹,0.74,101.17,36461.25,367.24,27089.88,37152.77
880,601628,XD中国人,1.06,1.9,3288100.0,1006800.0,3469900.0,1912700.0
881,600079,XD人福医,3.25,10.64,20147.29,7819.76,65382.35,83240.34
882,600971,恒源煤电,-2.66,0.12,52031.43,30606.64,-138329.15,3528.66
883,600192,长城电工,1.62,0.67,2497.84,3350.46,4047.03,2231.5
884,600615,丰华股份,0.71,0.1,500.84,9058.72,356.33,925.7
885,300280,南通锻压,0.18,0.05,3516.47,4203.83,628.11,223.65
886,600382,广东明珠,1.72,1.96,9163.29,9052.8,15717.26,17720.27
887,600518,康美药业,5.5,11.34,50150.85,29457.54,275673.46,334040.36
888,002394,联发股份,1.83,4.32,16113.49,9117.55,29448.91,39402.02
889,300112,万讯自控,0.48,1.34,2640.17,1998.09,1271.85,2670.52
890,600963,岳阳林纸,-4.15,0.2,9390.96,13962.57,-38997.67,2822.86
891,600408,安泰集团,-0.09,-48.03,-41429.08,1211.56,3789.92,-58195.48
892,601567,三星医疗,3.35,10.18,16856.17,7804.62,56395.47,79424.85
893,002424,贵州百灵,3.68,6.01,11166.69,8029.56,41137.46,48232.71
894,000042,中洲控股,1.5,38.39,26663.58,678.66,40117.73,26053.26
895,002046,轴研科技,-4.47,0.37,3990.18,3372.64,-17832.85,1257.81
896,600776,东方通信,1.72,0.95,9854.89,9691.73,16979.9,9162.5
897,600844,*ST丹科,0.68,-9.77,-4487.62,1682.06,-3066.78,-16430.53
898,300214,日科化学,1.98,3.54,5425.76,2259.45,10721.84,7998.41
899,002139,拓邦股份,1.79,3.92,4494.3,3680.27,8062.94,14429.37
900,002483,润邦股份,-3.08,1.0,14960.06,8414.74,-46046.28,8383.6
901,002233,塔牌集团,1.77,2.33,21521.71,19480.95,38098.67,45423.02
902,601058,赛轮金宇,1.55,13.77,12437.82,2630.21,19319.82,36224.76
903,002733,雄韬股份,2.88,2.81,4598.54,4269.12,13244.97,12004.97
904,600663,陆家嘴,1.68,3.01,113221.13,88046.01,190002.35,264873.6
905,300182,捷成股份,12.78,41.38,4169.79,2323.38,53300.65,96145.26
906,000513,丽珠集团,1.29,15.06,48157.82,5207.32,62264.1,78435.36
907,002239,奥特佳,7.71,8.86,2894.73,5032.94,22328.5,44607.23
908,600180,瑞茂通,-1485.14,11.65,-28.79,4557.2,42757.32,53093.23
909,600694,大商股份,-5.7,3.04,-11616.06,23156.42,66211.17,70299.24
910,000150,宜华健康,0.51,9.08,10029.03,8201.4,5161.27,74438.61
911,600048,保利地产,3.51,5.55,351922.65,223886.14,1234757.9,1242155.11
912,002208,合肥城建,0.83,1.31,11084.27,8322.92,9151.96,10875.94
913,600812,华北制药,-0.16,0.2,-38227.6,26910.07,6284.83,5441.51
914,601106,*ST一重,-1.51,-5.7,118921.83,100636.23,-179505.8,-573401.85
915,600566,济川药业,89.07,111.48,770.85,837.95,68657.12,93418.29
916,000617,中油资本,-1.44,53.09,5274.93,10426.43,-7618.11,553542.19
917,601999,出版传媒,0.62,1.06,12932.71,11554.23,8018.97,12294.67
918,300232,洲明科技,3.77,10.04,3010.9,1657.55,11356.81,16645.3
919,002563,森马服饰,1.96,3.22,68686.59,44341.54,134924.08,142650.99
920,600620,天宸股份,2.11,1.43,2353.49,4203.38,4968.95,6018.52
921,600664,哈药股份,0.62,0.91,93292.86,86232.0,58013.27,78810.31
922,600419,天润乳业,-1.93,7.27,-2632.79,1076.45,5086.08,7827.33
923,600804,鹏博士,3.42,4.41,20949.1,17369.52,71657.47,76661.3
924,601011,宝泰隆,0.74,0.49,12327.14,19218.98,9117.62,9334.0
925,300202,聚龙股份,10.36,19.48,2505.41,1599.42,25952.82,31160.45
926,600980,北矿科技,-0.76,5.79,-4955.8,638.53,3774.92,3696.37
927,600530,交大昂立,3.74,-0.98,2651.69,-14007.25,9929.67,13720.11
928,600328,兰太实业,-1.02,1.39,3255.04,5978.55,-3311.64,8327.95
929,600999,招商证券,2.93,2.67,372772.28,202069.85,1090874.88,540345.06
930,000895,双汇发展,4.67,6.3,91065.71,69889.26,425554.18,440505.64
931,002663,普邦股份,3.75,4.48,5323.21,2350.06,19941.69,10517.91
932,600519,贵州茅台,3.59,4.4,431244.61,379948.06,1550309.03,1671836.27
933,300193,佳士科技,1.04,1.79,7411.33,5637.51,7729.31,10100.88
934,000858,五 粮 液,1.9,3.75,324475.25,181068.76,617611.93,678453.33
935,600505,西昌电力,0.42,0.81,15643.86,6947.33,6521.55,5603.2
936,601777,力帆股份,1.29,0.41,30490.7,19924.23,39377.21,8260.18
937,002561,徐家汇,1.42,1.38,17768.91,17554.95,25313.25,24146.85
938,300296,利亚德,16.72,41.28,1978.49,1620.12,33078.91,66882.95
939,000683,远兴能源,0.06,-4.76,90970.37,10768.3,5680.36,-51277.6
940,300010,立思辰,2.71,7.63,4800.67,3675.83,13014.88,28031.2
941,000876,新 希 望,5.41,10.8,40860.9,22860.56,221104.77,246906.65
942,600798,宁波海运,0.54,0.29,2970.4,30383.84,1604.71,8837.09
943,300138,晨光生物,1.41,2.4,4876.2,3849.6,6886.25,9247.4
944,300054,鼎龙股份,4.09,8.1,3881.51,2965.77,15883.57,24010.18
945,002041,登海种业,4.17,169.94,9362.06,260.2,39057.59,44219.68
946,002636,金安国纪,0.93,4.99,5833.15,6833.43,5412.06,34107.33
947,000607,华媒控股,-3.42,47.28,-8289.01,471.76,28350.96,22306.4
948,002491,通鼎互联,2.18,10.15,8421.18,5309.8,18350.29,53896.34
949,002533,金杯电工,1.45,1.96,10083.09,8636.37,14606.16,16897.05
950,600866,星湖科技,-1.88,0.84,22452.06,2900.09,-42235.44,2430.62
951,600444,国机通用,-0.35,-0.12,-8616.97,-12646.67,3019.73,1537.65
952,600406,国电南瑞,5.19,11.55,25012.92,12531.33,129921.66,144717.65
953,000793,华闻传媒,5.1,5.25,16418.86,16627.8,83785.17,87280.61
954,600577,精达股份,1.96,2.26,6638.75,9920.29,12984.69,22391.93
955,000859,国风塑业,-0.07,3.97,-13336.61,462.63,953.11,1835.77
956,600982,宁波热电,1.99,3.09,4622.66,2716.79,9202.15,8398.93
957,000677,恒天海龙,0.56,-0.03,9831.93,-17908.89,5476.52,452.14
958,000421,南京公用,4.48,3.7,5091.01,5203.21,22816.28,19260.45
959,300171,东富龙,5.1,4.39,7587.56,5338.54,38668.53,23451.15
960,300220,金运激光,-1.24,0.37,1197.69,1804.32,-1486.8,673.4
961,002603,以岭药业,1.45,4.44,29718.28,12211.71,43049.1,54202.32
962,002206,海 利 得,1.38,2.76,14142.3,9231.68,19546.68,25510.96
963,600084,中葡股份,-0.07,-0.04,-22619.62,-30735.06,1551.03,1272.52
964,600273,嘉化能源,-17.0,247.84,-3954.95,298.77,67236.66,74047.7
965,600478,科力远,0.39,-5.9,1933.61,3583.81,746.38,-21160.81
966,600398,海澜之家,37.29,35.66,7919.96,8755.9,295313.17,312264.73
967,601199,江南水务,5.41,7.59,4984.26,4295.16,26950.6,32608.98
968,600352,浙江龙盛,3.8,4.31,66922.18,47046.52,254133.3,202901.14
969,002226,江南化工,0.51,2.01,7026.26,3053.07,3571.86,6130.97
970,300164,通源石油,-0.95,0.6,4891.42,3653.52,-4643.81,2197.44
971,600622,嘉宝集团,0.98,1.78,27916.0,16638.31,27463.75,29575.43
972,600713,南京医药,3.39,5.94,4624.15,3033.49,15672.45,18027.18
973,300026,红日药业,6.61,10.23,8096.98,6438.58,53490.35,65853.22
974,000968,蓝焰控股,-4.13,0.56,37951.36,68416.06,-156599.12,38445.72
975,300629,新劲刚,1.95,10.69,1129.02,250.88,2202.36,2681.55
976,601636,旗滨集团,0.96,82.22,17918.78,1015.63,17133.26,83505.69
977,600386,北巴传媒,1.24,1.31,11778.1,8978.62,14612.94,11773.41
978,600129,太极集团,6.15,36.31,3769.99,2350.1,23198.09,85331.85
979,002362,汉王科技,0.06,0.71,8560.04,2992.7,482.23,2131.92
980,000011,深物业A,1.62,36.1,9693.4,982.94,15682.0,35485.72
981,002578,闽发铝业,0.51,0.64,3704.95,2777.33,1907.34,1767.26
982,000157,中联重科,0.04,-0.59,237240.43,156938.01,8346.74,-93369.75
983,300375,鹏翎股份,2.27,3.65,5505.96,4315.77,12475.45,15731.5
984,300179,四方达,1.5,1.14,3082.31,2591.68,4612.7,2951.52
985,600693,东百集团,0.6,1.02,8288.62,9880.66,4937.3,10104.67
986,002595,豪迈科技,4.26,5.24,15112.27,13692.67,64445.66,71766.57
987,002202,金风科技,1.63,3.28,174557.95,91452.86,284949.7,300298.2
988,300306,远方光电,2.23,7.48,2499.61,1165.42,5574.06,8713.55
989,600621,华鑫股份,1.29,1.6,10139.64,9665.34,13038.73,15421.55
990,002298,中电鑫龙,1.75,5.61,3798.65,2778.5,6634.88,15579.78
991,600743,华远地产,2.12,1.83,34434.35,40403.84,73049.71,74132.36
992,000002,万 科Ａ,3.4,5.21,532973.77,403317.0,1811940.62,2102260.63
993,002628,成都路桥,0.26,0.78,7084.0,5597.64,1874.44,4392.05
994,000554,泰山石油,0.45,0.03,831.81,14377.93,373.92,432.75
995,300205,天喻信息,0.22,0.87,3216.13,2279.05,699.5,1984.98
996,300216,千山药机,1.93,11.86,3101.14,1735.67,5976.7,20579.41
997,300086,康芝药业,0.7,0.93,9757.72,4952.48,6831.11,4615.66
998,600248,延长化建,1.38,2.67,8784.79,4602.24,12113.56,12281.65
999,600175,美都能源,0.4,2.52,12341.28,5925.98,4992.74,14912.9
1000,600350,山东高速,2.62,2.49,105221.12,124121.44,275787.45,308935.75
1001,002153,石基信息,2.74,2.52,13166.43,15449.25,36099.57,38879.03
1002,000719,大地传媒,39.83,8.44,1765.44,7972.61,70316.98,67307.33
1003,002329,皇氏集团,4.05,7.91,4561.51,3671.88,18461.73,29060.25
1004,600895,XD张江高,0.68,1.38,70690.92,52827.78,48160.83,72661.76
1005,000780,*ST平能,-0.83,-0.48,46861.06,67802.67,-39061.11,-32360.65
1006,000537,广宇发展,1.74,-8.84,8182.53,-3906.14,14236.59,34529.96
1007,300007,汉威电子,1.96,3.06,4014.64,2964.84,7864.65,9062.95
1008,300271,华宇软件,3.97,7.13,5248.0,3808.47,20845.71,27169.42
1009,002548,金新农,1.77,3.14,5837.11,5056.0,10354.76,15882.27
1010,300307,慈星股份,0.76,3.68,13430.0,3371.42,10268.13,12421.27
1011,600103,青山纸业,0.73,7.62,-19945.96,590.65,-14651.58,4498.85
1012,002550,千红制药,2.13,2.48,12569.35,9043.83,26715.12,22446.15
1013,300040,九洲电气,0.43,3.62,4679.24,3607.84,2009.89,13051.44
1014,300203,聚光科技,1.87,5.05,13243.15,7960.69,24704.1,40233.32
1015,600729,重庆百货,2.34,2.57,15672.76,16263.13,36736.52,41871.09
1016,601700,风范股份,1.54,2.62,13192.44,7934.78,20272.6,20815.69
1017,002451,摩恩电气,0.31,0.18,4664.74,4842.3,1456.46,870.24
1018,000686,东北证券,2.88,3.21,91287.59,40995.23,263005.89,131494.12
1019,002521,齐峰新材,2.27,2.19,11873.06,6493.59,27010.59,14193.28
1020,300204,舒泰神,5.97,15.67,3536.29,1642.31,21107.72,25727.47
1021,600817,*ST宏盛,0.03,-0.0,-38649.19,-281355.89,-1341.8,331.03
1022,300066,三川智慧,2.29,3.86,6086.53,3458.1,13920.77,13357.63
1023,600207,安彩高科,-0.02,0.15,-106652.15,6301.94,1859.99,954.16
1024,000543,皖能电力,10.28,22.21,11237.94,4003.66,115482.08,88903.3
1025,300024,机器人,5.97,9.63,6616.15,4266.66,39482.35,41077.36
1026,600377,宁沪高速,1.25,2.15,201097.25,155401.11,250662.94,334606.39
1027,002401,中远海科,2.02,2.61,2717.44,2269.2,5484.24,5918.95
1028,600979,广安爱众,3.22,5.85,4819.09,3650.54,15535.32,21350.45
1029,600433,冠豪高新,3.66,-4.82,1005.49,-2251.49,3676.15,10852.5
1030,000997,新 大 陆,3.91,13.34,8580.83,3459.49,33592.49,46134.73
1031,002644,佛慈制药,1.19,2.82,3614.68,2160.92,4294.76,6092.62
1032,600777,新潮能源,2.41,-10.57,1263.01,1716.52,3040.68,-18145.43
1033,600805,悦达投资,0.4,1.75,32402.95,6286.7,12982.27,11015.46
1034,300039,上海凯宝,4.1,4.9,6866.87,5765.46,28164.85,28260.68
1035,600186,莲花健康,-29.38,5.23,1730.53,1247.75,-50848.7,6524.74
1036,000589,黔轮胎Ａ,-0.72,0.3,36038.45,5120.72,-25898.21,1522.72
1037,600123,兰花科创,0.01,-0.47,127053.4,140123.48,1372.55,-66004.22
1038,600973,宝胜股份,1.53,51.95,10514.77,511.43,16050.11,26566.91
1039,300283,温州宏丰,0.27,2.71,2141.97,896.79,571.75,2426.1
1040,002674,兴业科技,0.17,0.95,8047.38,6621.53,1329.99,6311.92
1041,002279,久其软件,3.26,4.5,4143.58,4857.81,13497.94,21860.97
1042,601158,重庆水务,1.53,1.45,101413.59,73622.23,155156.46,106809.78
1043,002026,山东威达,2.5,3.55,3200.46,2926.2,8003.18,10397.6
1044,601388,怡球资源,0.05,0.66,20965.75,3900.99,975.03,2584.84
1045,300044,赛为智能,2.44,4.51,3179.39,2234.01,7745.72,10081.95
1046,002334,英威腾,1.82,1.67,8168.3,4070.98,14888.02,6806.73
1047,601038,一拖股份,0.54,2.84,25242.29,7856.66,13532.28,22336.97
1048,000539,粤电力Ａ,2.78,32.32,116535.24,2898.12,323773.33,93653.49
1049,002316,键桥通讯,0.54,0.07,4248.21,3802.14,2313.97,254.15
1050,600825,新华传媒,0.25,0.2,23299.06,24203.7,5779.48,4840.7
1051,000898,鞍钢股份,-6.32,0.54,72700.0,298900.0,-459300.0,161600.0
1052,300083,劲胜精密,-6.73,3.24,6987.5,4053.73,-47050.2,13144.14
1053,600537,亿晶光电,98.13,61.48,237.91,584.22,23346.26,35920.57
1054,600881,亚泰集团,-0.25,0.46,74587.81,32960.1,-18959.11,15193.23
1055,000601,韶能股份,7.03,-5.25,4000.7,-8385.73,28117.47,44057.31
1056,600308,华泰股份,0.06,0.5,109485.18,36463.62,6457.49,18203.49
1057,300350,华鹏飞,5.47,12.28,1559.93,1074.35,8532.64,13190.22
1058,600036,招商银行,3.16,2.95,1823500.0,2107700.0,5769600.0,6208100.0
1059,000720,新能泰山,4.69,0.21,1722.45,-31198.3,8072.41,-6670.57
1060,600580,卧龙电气,1.83,1.96,19740.2,12925.65,36026.34,25340.81
1061,600303,曙光股份,0.64,0.9,16052.82,6737.63,10341.5,6068.97
1062,002466,天齐锂业,6.8,34.42,3646.99,4392.96,24786.31,151205.09
1063,600311,荣华实业,-0.04,-8.88,-11604.5,731.4,430.09,-6495.56
1064,300270,中威电子,2.35,3.52,1811.17,1238.61,4257.07,4355.57
1065,002570,贝因美,0.28,-7.14,37578.13,10934.54,10364.04,-78066.54
1066,002099,海翔药业,17.05,8.79,3030.18,2559.73,51658.72,22501.83
1067,000667,美好置业,1.53,2.11,28016.49,31526.67,42818.11,66485.62
1068,601113,华鼎股份,1.26,13.15,7971.16,553.0,10023.65,7273.31
1069,002227,奥 特 迅,0.39,0.19,2422.23,4758.3,956.18,911.55
1070,600660,福耀玻璃,2.33,12.78,111802.92,24605.25,260537.96,314422.73
1071,000776,广发证券,-1710.46,635.95,-771.78,1262.7,1320101.41,803010.66
1072,002249,大洋电机,1.74,3.61,19616.39,14128.42,34117.39,50935.01
1073,002318,久立特材,1.29,2.07,9542.57,8123.7,12279.91,16776.67
1074,601163,三角轮胎,1.96,17.61,41146.1,4686.34,80558.37,82508.29
1075,000732,泰禾集团,11.18,6.03,11852.84,28306.34,132515.56,170732.24
1076,600864,哈投股份,0.51,1.19,21318.85,28873.19,10826.66,34255.56
1077,002138,顺络电子,4.29,8.51,6145.45,4221.86,26337.79,35913.15
1078,600335,国机汽车,-6.7,128.79,-7169.57,476.62,48063.7,61385.94
1079,002266,浙富控股,0.56,0.54,12726.69,12010.94,7094.86,6432.45
1080,002688,金河生物,3.87,10.34,2702.78,1586.96,10465.27,16412.92
1081,000603,盛达矿业,-71.01,-59.35,-365.09,-340.53,25926.67,20209.71
1082,002349,精华制药,2.38,6.31,3279.99,2616.32,7808.11,16502.97
1083,002059,云南旅游,7.33,2.47,1138.35,2700.06,8345.47,6679.74
1084,300070,碧水源,12.7,24.67,10719.22,7482.31,136169.8,184576.0
1085,002205,国统股份,-1.02,0.25,5166.99,5228.3,-5292.41,1332.86
1086,002029,七 匹 狼,1.34,1.75,20390.4,15299.73,27303.08,26719.16
1087,300290,荣科科技,3.41,4.44,1486.66,730.17,5063.55,3239.75
1088,300262,巴安水务,3.86,12.74,1994.99,1106.39,7710.26,14090.61
1089,002189,利达光电,9.26,0.6,170.54,2881.97,1578.46,1732.2
1090,600552,DR凯盛科,5.54,33.61,2009.34,224.83,11123.4,7555.72
1091,002061,江山化工,-2.63,-1.23,6964.31,-5384.94,-18334.43,6627.97
1092,002441,众业达,1.44,1.32,12589.57,10870.42,18137.67,14338.36
1093,002699,美盛文化,5.66,20.34,2232.39,933.87,12640.83,18995.86
1094,600362,江西铜业,0.27,0.34,234925.4,228510.06,63721.81,78753.81
1095,300263,隆华节能,6.06,0.75,2947.1,2038.65,17865.07,1524.95
1096,000886,海南高速,-4.26,2.38,5327.94,2666.49,-22678.35,6341.41
1097,300067,安诺其,1.34,2.16,4630.74,3790.27,6195.67,8185.8
1098,002031,巨轮智能,1.56,0.49,8306.95,6458.81,12933.61,3154.66
1099,600886,国投电力,10.21,31.55,53137.08,12412.77,542752.22,391644.76
1100,600222,太龙药业,0.18,0.17,3014.72,2316.79,555.7,401.56
1101,600056,中国医药,3.25,5.82,18926.9,16296.44,61445.36,94813.73
1102,600139,西部资源,-2.9,0.14,9301.49,8297.77,-26961.04,1157.24
1103,000509,华塑控股,-0.37,0.5,-4351.82,-14364.62,1631.22,-7136.68
1104,002194,武汉凡谷,0.22,-0.5,34095.35,32909.2,7503.41,-16526.29
1105,601939,建设银行,2.14,2.5,10675600.0,9259900.0,22814500.0,23146000.0
1106,600645,中源协和,98.05,0.97,212.49,3909.78,20835.31,3785.99
1107,002538,司尔特,3.8,3.1,6487.56,7866.83,24668.89,24395.68
1108,603518,维格娜丝,5.65,4.56,1982.72,2198.94,11211.31,10032.79
1109,002546,新联电子,3.17,1.97,4932.16,4588.68,15644.34,9017.22
1110,000031,中粮地产,1.93,5.07,37351.67,14201.65,72181.22,72015.39
1111,600753,东方银星,11.3,-0.07,341.73,-3794.22,3861.34,262.29
1112,002587,奥拓电子,0.66,3.41,3263.74,2531.47,2141.61,8628.24
1113,000036,华联控股,0.25,-3.4,28149.97,-39670.67,6930.59,134854.24
1114,601258,庞大集团,0.23,0.63,101143.53,60189.46,23575.82,38169.46
1115,002220,天宝股份,2.05,2.68,7578.35,6761.34,15554.96,18153.38
1116,300177,中海达,0.05,0.77,3208.73,2446.86,155.26,1888.29
1117,300358,楚天科技,6.78,9.26,2262.63,1545.59,15338.9,14312.5
1118,002470,金正大,5.22,4.31,21293.79,23582.36,111204.74,101694.68
1119,002084,海鸥卫浴,2.62,1.77,1762.3,4798.04,4613.65,8497.55
1120,002327,富安娜,4.66,6.68,8610.53,6574.9,40122.54,43902.07
1121,600439,瑞贝卡,1.14,0.78,12412.17,22051.96,14138.82,17160.66
1122,600502,安徽水利,5.87,12.34,4358.34,2476.43,25588.41,30564.2
1123,600389,江山股份,-0.14,0.17,-7819.17,30159.8,1057.08,5238.04
1124,600461,洪城水业,9.04,11.23,2097.53,2069.85,18954.24,23237.47
1125,000538,云南白药,4.59,6.27,60371.96,46542.02,277084.14,291987.68
1126,002541,鸿路钢构,2.17,3.12,8126.21,4670.07,17673.52,14576.18
1127,000505,珠江控股,-1.35,-0.96,7947.39,-7660.38,-10757.37,7330.06
1128,601002,晋亿实业,8.74,0.76,-155.11,9391.12,-1356.33,7119.05
1129,000789,万年青,3.76,4.68,6608.65,4898.78,24860.87,22925.0
1130,600801,华新水泥,0.21,0.98,50050.76,45997.56,10275.6,45194.04
1131,600658,电子城,1.64,-6.56,31717.41,-6398.5,51951.67,41995.41
1132,000759,中百集团,0.03,0.04,21329.76,17189.29,561.05,646.6
1133,601718,际华集团,2.54,2.62,45320.69,46601.53,115264.84,122275.64
1134,002557,洽洽食品,3.59,3.4,10134.85,10409.61,36394.18,35370.96
1135,600422,昆药集团,7.22,12.68,5832.31,3211.8,42085.08,40725.61
1136,300200,高盟新材,1.8,2.68,2966.97,2124.76,5353.47,5685.35
1137,300077,国民技术,0.74,4.2,11694.38,2412.06,8600.63,10120.73
1138,600330,天通股份,-0.25,9.09,-29075.03,1213.6,7318.24,11033.17
1139,600035,楚天高速,1.44,1.29,29910.44,30172.27,42965.18,39045.66
1140,001896,豫能控股,-3.14,-1.13,-17819.42,-40542.67,55990.83,45979.41
1141,000975,银泰资源,16.5,-6.76,1502.58,-3250.03,24791.34,21964.36
1142,300244,迪安诊断,10.18,39.87,1716.88,658.97,17479.47,26276.09
1143,600635,大众公用,2.09,3.17,22063.55,17302.34,46113.46,54764.43
1144,000811,烟台冰轮,3.7,8.29,8315.08,3628.92,30756.43,30088.55
1145,002047,宝鹰股份,4.88,7.79,6866.68,4360.41,33541.55,33950.82
1146,601000,唐山港,4.74,8.34,25295.17,15830.27,119979.03,132025.4
1147,600691,阳煤化工,-0.41,38.5,-10614.78,-2360.0,4332.82,-90851.56
1148,000050,深天马Ａ,-2.7,60.81,-20563.76,936.01,55467.55,56917.74
1149,002440,闰土股份,2.39,2.37,30666.69,27809.12,73378.2,66010.42
1150,600779,水井坊,0.27,0.72,32055.57,31367.71,8797.36,22479.19
1151,002660,茂硕电源,0.67,-0.1,2388.59,1836.7,1605.31,-178.81
1152,600486,扬农化工,2.89,2.4,15759.8,18304.87,45508.57,43926.06
1153,601099,太平洋,2.8,-1.03,40534.94,-64525.21,113305.52,66772.1
1154,000926,福星股份,1.39,1.76,33637.77,33036.91,46887.03,58105.62
1155,600697,欧亚集团,2.91,3.08,11127.67,10638.5,32436.36,32728.56
1156,300264,佳创视讯,0.31,0.67,2338.55,2036.07,716.69,1364.46
1157,000665,湖北广电,81.83,47.5,454.8,638.43,37216.34,30326.83
1158,000609,绵石投资,1.54,0.96,1485.31,13867.8,2280.2,13311.34
1159,300158,振东制药,0.95,3.42,6802.46,5938.59,6464.62,20306.39
1160,002632,道明光学,1.3,1.84,3464.15,2648.84,4499.52,4871.04
1161,600784,鲁银投资,-1.57,1.37,4130.23,3051.67,-6484.98,4171.67
1162,603729,龙韵股份,1.24,2.03,3281.75,1716.87,4066.05,3487.13
1163,002278,神开股份,0.14,-1.19,7766.64,9162.18,1111.91,-10917.09
1164,002051,中工国际,5.0,8.91,21012.44,14362.37,105087.39,127960.73
1165,603456,九洲药业,2.98,2.69,6721.12,4142.38,20007.93,11148.05
1166,002630,华西能源,2.09,2.17,9475.4,9431.1,19841.58,20507.13
1167,600161,天坛生物,0.05,1.96,21165.98,13338.17,997.72,26177.74
1168,002003,伟星股份,1.44,1.89,17247.62,15642.85,24758.18,29547.54
1169,300120,经纬电材,0.21,0.84,3161.38,1863.98,669.24,1567.92
1170,002555,三七互娱,13.09,48.85,3866.21,2190.5,50601.65,107016.23
1171,600114,东睦股份,-19.08,14.83,-840.64,1185.89,16038.61,17586.31
1172,000830,鲁西化工,2.06,1.1,14022.3,22950.1,28931.38,25259.8
1173,600269,赣粤高速,0.58,0.95,122874.22,109617.92,71210.5,103748.4
1174,600528,中铁工业,0.25,0.36,68400.17,46089.02,16788.25,16786.48
1175,300305,裕兴股份,2.17,3.16,3788.52,2288.58,8204.37,7224.31
1176,000623,吉林敖东,1.9,1.93,136648.9,86160.78,259358.93,166649.14
1177,600723,首商股份,11.4,-9.68,3020.61,-3055.04,34430.79,29581.75
1178,002639,雪人股份,0.24,0.54,7042.23,6147.57,1657.56,3305.4
1179,600054,黄山旅游,1.85,1.87,15983.78,18853.91,29579.08,35210.6
1180,002309,中利集团,2.27,0.5,18262.61,14956.93,41525.5,7425.16
1181,002022,科华生物,1.03,1.4,20434.25,16607.57,21062.49,23240.05
1182,600587,新华医疗,6.8,1.16,4128.68,2986.83,28083.39,3463.63
1183,600573,惠泉啤酒,0.3,0.02,7684.81,6834.17,2301.55,167.95
1184,002554,惠博普,3.04,3.08,5316.33,4253.11,16149.69,13102.67
1185,600251,冠农股份,4.78,0.92,2746.33,2875.3,13114.08,2645.79
1186,002574,明牌珠宝,0.41,0.51,14889.7,8632.19,6129.86,4371.38
1187,000788,北大医药,0.38,0.87,6533.42,1438.63,2502.86,1255.91
1188,600018,上港集团,1.75,1.5,376004.61,461933.54,656245.35,693907.72
1189,002166,莱茵生物,11.04,17.15,682.1,406.28,7529.92,6966.34
1190,000600,建投能源,28.73,30.62,7115.13,4745.15,204441.93,145313.66
1191,600312,平高电气,5.82,5.88,14204.79,20734.14,82675.63,121989.71
1192,002170,芭田股份,13.22,1.38,1201.69,6502.56,15881.12,8953.69
1193,002474,榕基软件,0.33,0.64,4802.5,3910.38,1583.06,2484.53
1194,002571,*ST德力,-1.59,-2.14,3945.47,2859.31,-6268.99,-6130.99
1195,600750,江中药业,1.83,2.91,20109.51,13061.85,36701.21,37976.38
1196,002159,三特索道,1.94,-4.77,2221.92,1130.89,4300.71,-5394.03
1197,600436,片仔癀,3.6,3.81,12966.32,14086.98,46667.67,53613.19
1198,002488,金固股份,1.2,-5.73,3903.08,2411.33,4695.12,-13816.43
1199,600803,新奥股份,-20.67,61.31,-3898.61,846.04,80565.01,51869.36
1200,600130,波导股份,3.88,-0.18,1571.65,-16729.46,6098.24,3080.75
1201,002706,良信电器,11.09,4.52,1128.45,3588.27,12513.55,16219.62
1202,600055,万东医疗,0.59,2.52,6859.95,2836.63,4029.81,7154.38
1203,002078,太阳纸业,1.39,4.61,47882.43,22907.75,66665.54,105676.18
1204,600332,白云山,6.16,8.26,21098.89,18249.62,130035.13,150803.27
1205,002092,中泰化学,0.07,15.11,10313.03,12199.2,767.64,184347.44
1206,000544,中原环保,1.74,4.58,5872.19,6490.54,10226.66,29750.02
1207,600826,兰生股份,47.95,102.48,1065.56,820.11,51092.7,84043.53
1208,300249,依米康,0.66,3.09,2224.69,1438.98,1465.52,4442.85
1209,002673,西部证券,2.49,2.81,79158.09,39992.19,197266.3,112462.11
1210,300132,青松股份,0.39,1.75,2762.59,1867.82,1090.04,3273.46
1211,002444,巨星科技,2.23,3.74,21525.42,16602.26,47987.03,62163.84
1212,000550,江铃汽车,2.1,1.68,105613.22,78431.51,222206.11,131801.61
1213,600370,三房巷,0.54,6.48,3456.29,717.89,1855.81,4653.65
1214,601566,九牧王,1.57,2.19,25776.57,19323.59,40425.08,42294.91
1215,002531,天顺风能,3.11,5.28,9736.9,7696.44,30321.66,40647.72
1216,600586,金晶科技,0.24,0.33,11731.93,11413.98,2793.18,3782.56
1217,000418,小天鹅Ａ,4.14,29.35,22218.46,4003.83,91918.2,117505.49
1218,002243,通产丽星,0.11,0.55,6782.5,4735.38,763.54,2627.85
1219,600368,五洲交通,-0.67,2.51,14268.1,8849.62,-9564.83,22215.78
1220,000717,韶钢松山,-28.0,-0.06,9269.6,-161149.66,-259550.05,10142.73
1221,601929,吉视传媒,3.04,12.8,13542.76,2860.41,41134.51,36601.47
1222,002419,天虹股份,3.39,1.67,35595.42,31360.53,120841.26,52411.06
1223,600790,轻纺城,4.28,4.92,6900.01,7215.51,29549.89,35474.57
1224,002085,万丰奥威,11.83,44.47,6739.31,2154.3,79757.57,95796.14
1225,600592,龙溪股份,0.72,0.56,7232.43,11006.05,5235.63,6174.45
1226,002769,普路通,5.84,10.87,2928.24,1756.11,17093.96,19090.84
1227,000767,漳泽电力,29.29,-0.09,1406.1,-96009.49,41188.25,8562.4
1228,600771,广誉远,-0.01,0.37,-14764.17,33124.9,203.03,12281.01
1229,600126,杭钢股份,-7.43,19.76,14655.94,3671.77,-108890.89,72545.95
1230,601877,正泰电器,3.34,5.62,52234.37,38846.15,174330.48,218476.35
1231,000792,盐湖股份,0.45,0.25,122974.66,136433.01,55896.62,34126.47
1232,603328,依顿电子,1.42,3.32,32843.05,17723.76,46734.14,58842.78
1233,000880,潍柴重机,0.17,0.28,17886.59,6919.87,2992.76,1967.96
1234,600171,上海贝岭,-0.28,5.65,-18525.37,669.73,5114.33,3785.39
1235,002453,天马精化,0.55,-9.16,4624.37,3350.69,2535.41,-30704.57
1236,000928,中钢国际,213.55,41.54,220.18,1233.4,47018.42,51241.29
1237,300097,智云股份,1.88,4.53,2854.13,2053.4,5369.02,9302.29
1238,000948,南天信息,0.24,0.2,7590.26,10196.71,1856.2,2068.94
1239,601985,中国核电,2.09,2.98,181295.26,150810.88,378115.17,448867.38
1240,600986,科达股份,2.02,39.2,5800.15,1060.65,11714.85,41576.12
1241,300174,元力股份,1.68,2.49,1837.09,1705.78,3087.82,4254.78
1242,002144,宏达高科,11.1,14.52,1123.95,694.31,12479.39,10081.22
1243,300272,开能环保,2.89,7.39,2626.88,1221.89,7601.26,9024.96
1244,002489,浙江永强,2.9,0.41,17808.56,14828.06,51723.36,6094.84
1245,300190,维尔利,4.55,7.59,2649.37,1222.65,12055.97,9275.34
1246,000731,四川美丰,0.4,-1.24,13759.74,20147.33,5544.3,-25037.38
1247,300037,新宙邦,2.12,8.09,6013.31,3161.88,12767.19,25591.97
1248,601186,中国铁建,1.92,3.84,659907.2,364384.3,1264547.8,1399961.0
1249,601008,连云港,0.73,0.08,7339.17,10177.79,5335.57,851.01
1250,001696,宗申动力,1.01,1.09,37839.94,26720.37,38122.75,29111.76
1251,600593,大连圣亚,11.88,9.23,361.71,363.63,4298.72,3354.86
1252,600543,莫高股份,0.53,0.41,3623.06,4974.66,1923.45,2032.86
1253,600425,*ST青松,-3.29,-4.79,20688.26,12011.06,-68079.86,-57554.52
1254,600255,鑫科材料,1.5,18.96,2205.14,1011.56,3297.86,19176.91
1255,002236,大华股份,11.71,17.53,11718.7,10412.69,137230.12,182519.94
1256,600785,新华百货,0.71,0.58,19172.49,10804.54,13672.78,6295.83
1257,600420,现代制药,2.48,8.85,8905.23,5391.41,22105.27,47693.37
1258,600533,栖霞建设,0.83,1.04,22317.36,18785.62,18572.81,19538.74
1259,002212,南洋股份,0.44,0.56,12797.43,12582.71,5638.05,7027.58
1260,002363,隆基机械,0.91,1.13,6072.04,5315.61,5552.85,6015.6
1261,600106,重庆路桥,2.46,3.46,9130.87,8530.17,22474.99,29526.3
1262,300276,三丰智能,1.44,1.81,1601.57,822.8,2304.06,1486.46
1263,000528,柳 工,0.02,0.14,86569.43,34004.37,2131.28,4926.01
1264,002071,长城影视,124.55,-30.22,186.22,-848.16,23193.37,25632.85
1265,600297,广汇汽车,141.94,70.8,1400.83,3959.1,198834.12,280290.24
1266,600063,皖维高新,2.13,1.72,5138.02,6394.81,10923.12,11020.83
1267,600538,国发股份,-0.03,0.18,-14296.48,-17319.73,405.31,-3186.19
1268,002609,捷顺科技,4.01,5.73,3602.63,3180.89,14429.51,18212.3
1269,000902,新洋丰,-15.38,-11.79,-4861.06,-4777.57,74762.87,56308.67
1270,002408,齐翔腾达,1.06,3.5,17351.64,14363.31,18418.71,50251.02
1271,000037,深南电A,-8.56,121.4,7411.54,1076.39,-63462.37,130669.48
1272,601100,恒立液压,0.55,0.75,11547.39,9410.75,6351.39,7035.18
1273,002310,东方园林,7.19,21.89,8373.17,5919.83,60196.71,129560.85
1274,000707,双环科技,2.78,-3.6,425.8,17430.32,1181.84,-62807.15
1275,002455,百川股份,1.14,2.39,5276.97,3337.8,6012.65,7979.44
1276,300018,中元股份,1.3,2.29,5799.52,4656.37,7515.31,10678.02
1277,002230,科大讯飞,5.3,6.93,8026.99,6987.27,42529.45,48443.04
1278,603569,长久物流,3.85,4.75,7940.67,7622.64,30606.34,36242.44
1279,300226,上海钢联,-12.73,1.5,1966.24,1475.47,-25038.53,2210.49
1280,002259,升达林业,0.93,3.13,1465.95,2277.26,1370.05,7138.27
1281,002443,金洲管道,0.94,0.73,10197.25,8559.28,9536.42,6282.04
1282,002281,光迅科技,2.33,3.75,10419.44,7601.44,24326.16,28502.13
1283,000737,南风化工,0.32,2.8,-69548.61,747.88,-22062.32,2094.23
1284,600606,绿地控股,33.88,47.78,20324.91,15084.03,688642.67,720729.92
1285,600787,中储股份,3.65,4.97,18256.36,15455.03,66625.67,76744.5
1286,000685,中山公用,1.82,1.76,81709.79,54667.83,148442.97,96267.75
1287,002270,华明装备,3.28,4.2,6206.9,5640.56,20330.33,23704.88
1288,002449,国星光电,1.39,1.8,11488.42,10657.14,16024.25,19232.02
1289,002377,国创高新,0.89,0.18,3509.81,2943.36,3114.7,521.64
1290,002406,远东传动,0.71,1.25,13063.27,9361.81,9248.19,11694.1
1291,300111,向日葵,0.85,0.41,10334.24,7492.8,8763.42,3064.38
1292,600766,园城黄金,4.39,-0.03,334.86,-9819.23,1471.31,314.59
1293,000791,甘肃电投,2.83,-4.57,1144.91,2337.04,3244.33,-10674.05
1294,000802,北京文化,5.84,-17.06,363.41,-3061.55,2122.46,52239.92
1295,600298,安琪酵母,1.33,5.12,21019.2,10449.53,28009.46,53509.2
1296,600735,新华锦,1.56,11.9,2510.22,467.54,3915.27,5565.29
1297,000929,兰州黄河,2.26,-0.83,3041.87,3009.86,6882.16,-2509.36
1298,002530,金财互联,0.87,2.24,3873.43,2082.23,3384.1,4655.68
1299,600988,赤峰黄金,-15.94,-28.83,-1450.55,-1114.36,23124.53,32125.82
1300,600506,香梨股份,0.07,0.07,3172.68,-11588.39,237.57,-862.59
1301,300235,方直科技,0.93,1.33,2394.49,1385.46,2222.81,1841.26
1302,300498,温氏股份,7.14,12.14,86893.23,97101.05,620536.66,1178987.93
1303,600200,江苏吴中,3.37,10.49,1456.68,685.0,4911.3,7186.75
1304,002371,北方华创,0.78,2.37,4960.66,3916.84,3864.79,9290.16
1305,600131,岷江水电,-2.19,-0.54,-5781.78,-30333.03,12665.13,16409.42
1306,002534,杭锅股份,-0.67,1.95,23063.53,9846.78,-15493.74,19153.01
1307,600551,时代出版,1.75,1.88,22518.99,21471.42,39301.83,40259.03
1308,600247,ST成城,2.88,-13.15,1021.56,1631.22,2941.37,-21447.7
1309,300085,银之杰,2.49,3.62,2927.45,2234.01,7296.07,8079.68
1310,002537,海立美达,1.17,5.26,6244.25,4430.62,7317.77,23292.26
1311,002137,麦达数字,2.97,4.44,611.04,3377.15,1817.25,14998.77
1312,600064,南京高科,3.32,4.83,25557.55,19192.79,84820.17,92652.8
1313,002130,沃尔核材,10.66,4.06,5344.78,2643.28,56987.33,10727.64
1314,600329,中新药业,1.75,2.32,25781.76,18208.0,45144.29,42242.3
1315,600585,海螺水泥,2.12,3.27,354436.52,260701.23,751638.5,852991.68
1316,300231,银信科技,4.93,10.64,1691.38,1089.98,8330.94,11596.78
1317,601801,皖新传媒,2.8,4.2,27647.03,25227.81,77276.62,105867.11
1318,002106,莱宝高科,-3.38,1.0,17665.79,21274.2,-59752.35,21177.35
1319,600761,安徽合力,3.56,2.1,11160.52,18861.0,39746.54,39568.4
1320,300230,永利股份,3.22,6.56,2916.52,2340.24,9392.26,15355.43
1321,600233,圆通速递,0.41,25.65,11107.14,5347.82,4514.5,137193.52
1322,000985,大庆华科,-0.59,-2.86,2814.23,-1167.71,-1663.09,3334.2
1323,600288,大恒科技,0.33,0.3,8375.22,9762.07,2759.11,2937.27
1324,000868,安凯客车,1.66,2.14,2430.42,2402.56,4023.66,5135.07
1325,000425,徐工机械,0.03,1.89,174126.53,11044.29,5059.82,20858.32
1326,002543,万和电气,2.54,8.61,12579.24,5009.85,31909.87,43116.77
1327,000736,中房地产,0.27,0.1,10345.63,12364.32,2842.4,1186.73
1328,000338,潍柴动力,0.41,1.26,340741.9,193134.66,139057.69,244118.86
1329,002142,宁波银行,4.49,5.86,145744.6,133173.74,654433.3,781041.7
1330,300194,福安药业,0.72,4.86,9067.06,4569.9,6489.94,22195.82
1331,300058,蓝色光标,1.4,14.75,4845.09,4335.47,6770.22,63967.55
1332,000915,山大华特,5.8,14.49,2627.34,1369.17,15245.61,19838.52
1333,002653,海思科,1.31,2.32,28371.93,19508.67,37215.79,45272.39
1334,300020,银江股份,2.25,4.87,4947.45,3149.76,11121.0,15337.73
1335,600536,中国软件,4.08,2.19,1446.53,4661.05,5908.65,10230.68
1336,601727,上海电气,0.85,0.79,250127.0,262221.4,212857.4,206017.0
1337,002743,富煌钢构,0.95,1.96,3242.36,2568.78,3082.4,5037.91
1338,600818,中路股份,1.25,6.24,4148.89,1447.12,5192.71,9036.5
1339,002646,青青稞酒,2.03,4.39,11357.99,4918.39,23101.1,21612.39
1340,600379,宝光股份,1.28,5.63,2147.81,641.59,2745.7,3614.45
1341,000980,众泰汽车,1.8,3.78,3350.02,2293.81,6032.94,8678.44
1342,600326,西藏天路,1.88,31.24,7764.28,810.06,14626.75,25308.56
1343,300343,联创互联,2.19,58.82,1408.8,342.42,3081.46,20140.22
1344,300028,金亚科技,0.29,-0.53,4389.0,4010.36,1280.75,-2109.83
1345,300221,银禧科技,1.12,6.27,3597.44,2441.31,4019.19,15299.3
1346,002478,常宝股份,1.07,0.42,19278.34,26218.39,20606.19,10969.62
1347,000670,盈方微,5.67,9.78,370.25,247.07,2100.9,2417.17
1348,600572,XD康恩贝,4.35,4.8,10121.66,9197.36,44037.15,44106.95
1349,600889,南京化纤,6.62,43.47,6911.48,208.94,45750.64,9083.16
1350,002783,凯龙股份,1.02,2.09,9530.34,5215.61,9759.38,10877.98
1351,300139,晓程科技,0.55,0.62,6379.12,4501.5,3497.65,2798.51
1352,600758,红阳能源,-18.94,7.6,2456.59,2283.05,-46536.67,17361.57
1353,002117,东港股份,2.92,3.7,7402.68,5916.44,21622.3,21914.37
1354,600782,新钢股份,0.34,0.72,18028.44,69774.77,6055.96,50292.27
1355,000531,穗恒运Ａ,1.78,-10.72,25252.48,-5349.06,45007.67,57346.18
1356,600085,同仁堂,3.06,3.6,28561.07,25894.65,87517.95,93316.54
1357,002384,东山精密,0.44,2.22,7231.02,6488.68,3171.38,14421.07
1358,600800,天津磁卡,0.1,0.1,-20887.76,18758.18,-2184.04,1936.35
1359,000973,佛塑科技,13.16,-0.64,628.4,-19567.07,8270.18,12565.51
1360,002649,博彦科技,4.67,4.7,3877.63,2493.22,18092.14,11717.98
1361,300309,吉艾科技,1.79,-11.35,4154.73,3869.56,7439.35,-43931.83
1362,300314,戴维医疗,1.55,2.51,2895.7,2480.72,4493.42,6216.59
1363,002289,宇顺电子,-31.26,0.82,3512.77,3629.43,-109807.01,2985.5
1364,000558,莱茵体育,-2.75,0.24,13025.04,10453.42,-35838.56,2519.22
1365,000999,华润三九,1.76,2.4,70948.9,50008.68,124922.65,119784.06
1366,002169,智光电气,2.69,4.09,4012.62,2720.46,10801.68,11137.49
1367,600535,天士力,4.67,4.6,31670.63,25588.75,147854.9,117642.49
1368,002594,比亚迪,0.74,4.95,379357.6,102124.9,282344.1,505215.4
1369,002244,滨江集团,1.56,2.31,64367.25,60426.74,100286.28,139880.7
1370,600517,置信电气,1.74,2.24,25546.45,21146.63,44357.61,47278.08
1371,600859,王府井,1.72,1.67,38433.24,34404.22,66124.53,57483.4
1372,300169,天晟新材,0.66,0.68,3541.94,2679.59,2344.87,1819.18
1373,300277,海联讯,0.22,0.97,3554.53,2698.54,768.16,2612.1
1374,002232,启明信息,0.04,0.69,7935.22,6616.34,312.98,4571.71
1375,000703,恒逸石化,-9.14,-51.99,-2019.83,-1597.06,18460.58,83033.74
1376,002495,佳隆股份,0.69,0.78,5709.06,4162.0,3955.15,3227.92
1377,300002,神州泰岳,1.3,4.21,27075.17,12054.8,35134.12,50733.17
1378,600060,海信电器,2.99,7.82,49822.93,22496.88,148878.24,175886.9
1379,002185,华天科技,4.13,5.7,7713.99,6853.85,31851.61,39092.07
1380,300247,乐金健康,1.14,3.24,3581.57,2645.24,4083.71,8563.45
1381,600483,福能股份,57.4,130.68,1852.43,776.43,106333.78,101460.43
1382,600281,太化股份,0.68,2.0,-25902.67,1650.27,-17723.5,3293.2
1383,000045,深纺织Ａ,0.22,-1.9,3801.55,4599.26,849.72,-8727.06
1384,300105,龙源技术,-0.55,-2.29,8769.57,7169.94,-4782.27,-16448.47
1385,000925,众合科技,0.37,-4.99,9350.71,2158.91,3416.24,-10763.88
1386,300353,东土科技,3.61,18.11,1666.55,679.98,6024.09,12314.39
1387,300295,三六五网,4.04,6.21,3124.91,1744.53,12634.37,10835.48
1388,002186,全 聚 德,1.55,1.85,8440.51,7565.13,13113.85,13958.98
1389,300036,超图软件,1.86,6.31,3153.73,2021.1,5877.89,12745.02
1390,000996,中国中期,1.72,2.18,573.39,941.6,984.92,2049.3
1391,002079,苏州固锝,0.61,6.75,3746.81,1679.48,2283.38,11340.97
1392,600716,凤凰股份,-0.25,-0.21,29379.81,-25402.8,-7478.3,5243.34
1393,002645,华宏科技,-0.24,2.14,3623.36,2938.94,-874.5,6302.61
1394,002615,哈尔斯,1.2,6.78,3089.5,1758.47,3719.76,11914.52
1395,300021,大禹节水,2.46,3.08,2494.37,1960.71,6138.79,6048.72
1396,300287,飞利信,9.73,32.34,1857.29,1051.47,18063.22,34008.46
1397,600594,益佰制药,1.55,3.92,12180.72,9813.11,18938.12,38486.26
1398,300150,世纪瑞尔,2.69,3.94,4228.29,2301.4,11378.26,9078.4
1399,000903,云内动力,1.03,1.65,16994.46,13556.68,17551.51,22389.34
1400,000709,河钢股份,0.61,0.9,94420.19,172423.36,57345.26,155547.92
1401,002709,天赐材料,2.8,14.33,3551.26,2766.03,9955.6,39632.79
1402,000158,常山股份,3.32,2.95,7502.1,11849.11,24937.34,34991.45
1403,002778,高科石化,1.42,2.22,2498.89,1531.97,3536.44,3402.22
1404,002191,劲嘉股份,2.2,2.55,32707.47,22416.68,72072.97,57072.14
1405,002431,棕榈股份,-2.73,2.17,7758.45,5573.07,-21146.1,12082.61
1406,600401,*ST海润,7.31,6.97,1314.76,-16924.25,9608.09,-117934.35
1407,002588,史丹利,5.87,5.89,10573.69,8702.15,62018.67,51253.47
1408,002195,二三四五,20.58,21.78,2027.4,2916.01,41718.34,63496.56
1409,002617,露笑科技,3.48,2.5,2390.96,2586.0,8320.39,6476.35
1410,300048,合康新能,0.74,4.67,7037.57,3832.98,5192.43,17895.08
1411,600020,中原高速,2.57,2.72,44476.24,27504.73,114453.84,74813.99
1412,600220,江苏阳光,1.06,1.04,10502.04,14731.2,11125.42,15288.03
1413,600305,恒顺醋业,7.74,-3.46,3097.45,-4922.69,23964.54,17041.12
1414,300346,南大光电,6.47,0.76,687.11,993.54,4447.0,754.87
1415,600756,浪潮软件,3.58,3.28,3012.03,3519.1,10781.57,11547.89
1416,000931,中 关 村,3.03,0.45,4991.92,6052.77,15108.87,2735.81
1417,300257,开山股份,1.55,1.61,11385.62,6187.84,17596.23,9945.57
1418,601007,金陵饭店,0.58,0.64,8537.74,6487.85,4985.29,4162.82
1419,600525,长园集团,3.43,6.45,14097.16,9916.22,48293.9,64005.76
1420,300096,易联众,0.75,0.45,3144.21,2343.68,2342.8,1059.82
1421,002480,新筑股份,-1.45,0.22,10860.8,8511.82,-15802.01,1870.23
1422,300233,金城医药,2.1,2.97,8134.78,5366.62,17097.73,15939.02
1423,002242,九阳股份,1.02,1.3,60974.67,53805.18,62004.09,69772.68
1424,002633,申科股份,0.65,-0.85,3221.68,3011.33,2086.54,-2570.58
1425,300292,吴通控股,9.25,13.51,1810.02,1243.45,16742.52,16796.32
1426,000016,深康佳Ａ,-8.32,0.38,15107.73,25081.72,-125681.93,9567.3
1427,000933,神火股份,-2.79,0.3,59946.5,114953.54,-167268.86,34213.92
1428,600321,国栋建设,-1.41,0.13,4039.25,3128.44,-5710.99,415.61
1429,002507,涪陵榨菜,3.79,7.62,4155.57,3377.76,15736.96,25722.89
1430,000729,燕京啤酒,0.94,0.68,62749.3,46128.43,58767.85,31208.45
1431,600446,金证股份,6.26,4.17,4070.47,5635.55,25474.94,23507.89
1432,000625,长安汽车,9.23,421.86,107845.89,2438.1,995271.42,1028528.41
1433,600769,祥龙电业,-0.03,-0.01,-19786.43,-14915.84,631.21,179.19
1434,600213,亚星客车,-0.21,12.9,-9634.14,482.95,2019.63,6230.78
1435,002043,兔 宝 宝,4.4,9.79,2214.8,2653.83,9749.02,25983.01
1436,300110,华仁药业,0.38,0.52,6076.64,4643.07,2293.65,2394.62
1437,000070,特发信息,2.23,5.53,4132.12,3543.5,9194.19,19578.51
1438,002736,国信证券,3.34,2.3,417013.53,198523.16,1394903.4,455615.23
1439,300224,正海磁材,2.48,12.18,6363.63,1567.58,15767.95,19089.4
1440,000049,德赛电池,-6.46,164.09,-3564.69,155.59,23022.34,25530.13
1441,600455,博通股份,-0.04,0.27,-7778.04,-3727.57,317.87,-999.03
1442,600069,银鸽投资,0.96,-12.19,4880.67,3275.03,4677.64,-39937.64
1443,300184,力源信息,1.89,3.09,1961.37,1531.81,3702.22,4734.9
1444,002262,恩华药业,4.73,7.61,5467.3,4069.94,25834.71,30974.3
1445,300362,天翔环境,2.01,6.28,2353.42,2015.47,4739.92,12659.41
1446,300222,科大智能,7.71,47.04,1773.74,588.26,13668.87,27673.49
1447,000890,法 尔 胜,0.45,13.75,1234.69,1028.04,552.82,14134.74
1448,002393,力生制药,0.74,0.88,15450.77,13200.75,11421.45,11560.63
1449,600017,日照港,0.89,0.67,34756.28,26161.35,30815.85,17624.32
1450,601800,中国交建,2.3,2.8,682511.47,597981.75,1569628.46,1674307.42
1451,300285,国瓷材料,5.89,10.94,1459.33,1192.37,8592.23,13039.66
1452,300101,振芯科技,1.98,1.36,3961.57,2944.63,7827.18,4000.76
1453,601117,中国化学,2.9,2.79,97916.12,63435.02,284178.89,177038.43
1454,000863,三湘印象,13.67,144.07,765.4,489.58,10463.66,70532.53
1455,002601,龙蟒佰利,2.15,34.44,5174.27,1283.69,11143.56,44210.51
1456,600385,山东金泰,1.8,-0.09,314.65,-2625.16,566.2,233.3
1457,000333,美的集团,7.89,9.81,161144.84,149697.67,1270672.5,1468435.7
1458,601018,XD宁波港,1.4,1.3,181862.2,176393.9,255399.8,229892.0
1459,300215,电科院,0.73,2.42,3586.64,2920.18,2620.53,7067.07
1460,000608,阳光股份,0.08,-16.53,26709.0,2832.6,2018.0,-46823.8
1461,002556,辉隆股份,1.45,1.77,11775.62,5800.54,17039.34,10260.22
1462,600477,杭萧钢构,1.2,6.27,10038.21,7162.11,12051.04,44875.84
1463,600319,亚星化学,3.0,1.71,-11060.64,1568.43,-33175.31,2678.17
1464,600189,吉林森工,3.86,0.29,1158.7,4024.51,4470.64,1171.52
1465,002515,金字火腿,0.55,0.78,3949.28,2556.7,2191.33,1989.63
1466,300003,乐普医疗,1.78,3.37,29221.21,20136.81,52089.06,67925.57
1467,002045,国光电器,0.44,0.68,11001.21,8842.73,4796.48,6042.35
1468,600651,飞乐音响,5.51,5.89,6832.0,5963.07,37613.81,35109.21
1469,601669,中国电建,2.29,5.35,228972.76,126643.4,523647.8,677181.25
1470,002315,焦点科技,1.73,1.48,9107.64,7524.84,15720.62,11104.59
1471,300339,润和软件,6.99,22.79,2786.05,1332.02,19469.01,30357.91
1472,600675,中华企业,-3.91,1.41,63641.25,46405.93,-248707.27,65545.82
1473,600722,金牛化工,-10.44,-0.02,-2341.31,-149309.74,24444.96,2591.7
1474,002696,百洋股份,1.52,2.04,3757.41,2904.46,5707.84,5925.59
1475,600689,上海三毛,-2.84,3.02,1363.07,3058.26,-3876.88,9248.98
1476,600604,市北高新,-1.1,16.06,-11989.12,955.64,13166.07,15346.71
1477,600007,中国国贸,2.17,1.94,28955.2,35449.0,62759.87,68634.04
1478,300238,冠昊生物,4.4,9.21,1441.69,709.48,6336.6,6537.11
1479,002197,证通电子,2.01,0.83,4064.55,6586.13,8159.3,5439.56
1480,600176,中国巨石,-6.35,6.22,-15476.99,24441.73,98304.71,152103.51
1481,002285,世联行,3.38,11.26,15083.04,6636.72,50938.92,74721.52
1482,600511,国药股份,2.26,2.83,22659.92,19382.59,51284.5,54760.69
1483,002352,顺丰控股,0.6,100.53,4167.43,4158.42,2513.06,418042.62
1484,601588,北辰实业,1.06,1.34,57710.24,44892.93,61197.19,60058.54
1485,300023,宝德股份,2.0,4.05,2683.28,1553.6,5360.47,6285.02
1486,300173,智慧松德,2.38,2.93,3094.88,2538.83,7359.68,7439.99
1487,002516,旷达科技,3.49,7.83,7210.61,3846.35,25130.46,30128.66
1488,002652,扬子新材,1.1,3.67,3739.37,2215.42,4120.83,8127.49
1489,002224,三 力 士,5.24,11.43,4710.84,1975.51,24693.01,22582.89
1490,002799,环球印务,1.43,1.41,2437.6,1897.41,3484.13,2679.6
1491,000695,滨海能源,-0.07,1.91,-4656.87,203.15,342.71,388.33
1492,002055,得润电子,2.7,1.46,3160.37,2647.51,8518.37,3867.56
1493,300062,中能电气,0.5,2.84,4088.27,2763.89,2035.62,7843.58
1494,000546,金圆股份,14.26,-14.59,1853.51,-2093.28,26438.53,30550.97
1495,002355,兴民智通,0.35,0.98,7831.24,5161.35,2730.75,5081.63
1496,300146,汤臣倍健,12.18,20.04,5217.24,2670.5,63549.61,53521.18
1497,600686,金龙汽车,3.55,-3.66,15061.75,19652.5,53520.05,-71859.05
1498,600970,中材国际,0.89,1.64,74396.56,31170.8,66427.51,51138.34
1499,000893,东凌国际,0.76,-0.31,5640.15,-6258.74,4265.86,1952.09
1500,300288,朗玛信息,7.65,9.28,1285.87,917.17,9839.86,8514.58
1501,600371,万向德农,0.14,1.82,4018.11,3025.2,567.81,5490.92
1502,002131,利欧股份,2.32,8.13,9735.96,7021.81,22541.05,57101.18
1503,600418,江淮汽车,2.55,20.37,33568.66,5705.14,85758.18,116196.57
1504,600070,浙江富润,0.59,16.39,4068.94,614.23,2387.89,10064.87
1505,601880,大连港,0.83,0.73,58320.83,72923.83,48433.33,53101.27
1506,300166,东方国信,9.15,24.96,2496.8,1313.58,22851.55,32790.11
1507,600570,恒生电子,2.21,0.14,20561.13,13408.88,45373.35,1829.14
1508,600545,新疆城建,0.2,-5.27,15534.67,4326.03,3119.07,-22799.4
1509,600317,营口港,2.6,1.64,19212.08,29972.34,50010.74,49157.56
1510,600258,首旅酒店,0.63,1.22,15965.86,17270.47,10013.03,21093.85
1511,600647,同达创业,0.93,8.9,7358.92,905.65,6813.76,8061.22
1512,002643,万润股份,4.07,3.4,6339.93,9362.43,25784.75,31865.27
1513,000823,超声电子,0.82,1.71,11154.67,10976.15,9139.18,18722.18
1514,600449,宁夏建材,0.04,0.21,44468.2,27337.6,1989.56,5764.99
1515,600075,新疆天业,5.98,8.48,688.14,5770.19,4111.89,48930.02
1516,601101,昊华能源,0.12,-0.01,47185.44,71486.11,5760.04,-835.49
1517,300159,新研股份,12.7,18.82,2367.84,1333.45,30075.48,25093.73
1518,600249,两面针,-10.39,2.18,1667.39,1236.31,-17325.8,2690.3
1519,300033,同花顺,12.81,31.6,7473.52,3834.55,95722.28,121157.67
1520,002599,盛通股份,0.63,1.48,3083.6,2464.33,1951.97,3649.9
1521,002102,冠福股份,28.4,39.94,680.65,614.45,19328.99,24540.11
1522,002572,索菲亚,9.79,29.26,4689.6,2269.25,45901.52,66401.69
1523,300121,阳谷华泰,1.41,8.93,2782.64,1755.68,3931.29,15677.84
1524,601231,环旭电子,2.2,26.72,31404.74,3014.44,69051.65,80558.18
1525,002150,通润装备,1.49,2.21,4445.37,4503.18,6632.05,9932.96
1526,002670,国盛金控,0.39,11.53,6627.73,4322.2,2616.35,49814.56
1527,000019,深深宝Ａ,2.73,7.65,-1290.51,1263.02,-3525.62,9662.07
1528,300256,星星科技,2.35,178.05,2763.58,82.03,6507.84,14605.19
1529,300366,创意信息,4.53,7.24,2162.4,1613.72,9805.85,11688.89
1530,601225,陕西煤业,-1.36,1.49,219419.44,185385.5,-298854.16,275488.53
1531,002583,海能达,3.76,9.11,6732.68,4409.5,25318.37,40182.84
1532,601126,四方股份,2.71,2.37,12712.23,12506.75,34411.6,29593.6
1533,300319,麦捷科技,4.83,15.18,1592.25,1030.39,7693.63,15646.2
1534,002350,北京科锐,0.61,1.31,6998.66,5849.24,4280.43,7646.22
1535,002502,骅威文化,2.98,10.06,4042.23,3012.05,12034.87,30301.85
1536,002702,海欣食品,-0.91,0.46,4329.95,2822.71,-3951.41,1307.16
1537,002284,亚太股份,1.57,2.96,9050.16,4868.18,14190.63,14419.34
1538,002618,丹邦科技,1.43,0.7,4663.14,3514.35,6686.95,2458.99
1539,000909,数源科技,1.39,-1.15,2026.14,-1859.35,2818.03,2144.3
1540,002323,雅百特,4.07,4.14,6544.52,5818.65,26619.05,24090.29
1541,002524,光正集团,0.34,0.22,1908.72,2236.7,649.73,484.19
1542,002458,益生股份,-4.94,7.93,8115.59,7089.51,-40063.56,56215.99
1543,002077,大港股份,-6.79,18.49,271.46,225.0,-1842.56,4159.49
1544,600011,华能国际,2.71,-2.38,508099.66,-370122.98,1378605.01,881429.09
1545,300274,阳光电源,12.08,67.42,3521.51,821.11,42540.2,55361.31
1546,300131,英唐智控,1.44,14.48,2608.93,1391.23,3761.56,20143.02
1547,000829,天音控股,-0.8,1.61,28463.26,13873.66,-22749.36,22342.68
1548,300135,宝利国际,0.46,0.69,5832.85,3940.52,2683.06,2724.11
1549,600209,罗顿发展,-0.07,1.14,-3860.86,-4023.73,251.65,-4594.12
1550,300122,智飞生物,0.85,0.17,23158.97,19005.13,19740.19,3252.03
1551,000678,襄阳轴承,-5.91,0.88,1334.78,1329.02,-7888.47,1165.25
1552,600388,龙净环保,2.17,3.8,25762.06,17450.2,56014.87,66390.73
1553,002241,歌尔股份,12.53,13.47,9987.63,12262.33,125114.21,165149.66
1554,600830,香溢融通,2.28,2.15,6213.32,5025.23,14170.76,10803.84
1555,600985,雷鸣科化,2.16,3.57,5375.88,2525.06,11622.14,9006.22
1556,002308,威创股份,0.86,1.62,13935.62,11249.69,11947.15,18223.35
1557,000818,方大化工,-0.11,-0.47,-110124.27,-23636.51,12148.67,11207.66
1558,300162,雷曼股份,0.94,2.87,2141.79,1070.75,2019.46,3076.02
1559,002734,利民股份,1.12,2.47,6006.84,4575.17,6743.96,11299.23
1560,600868,梅雁吉祥,-0.33,0.36,-5925.64,19204.42,1976.83,6820.67
1561,600183,生益科技,1.72,5.76,31618.85,12979.89,54422.76,74819.62
1562,002432,九安医疗,-3.86,0.46,3904.06,3130.45,-15076.13,1449.79
1563,000869,张 裕Ａ,0.91,1.1,112732.88,89462.08,103007.39,98246.05
1564,600610,中毅达,-0.84,0.77,776.6,605.92,-654.63,468.82
1565,002209,达 意 隆,0.33,-1.35,3935.8,3360.82,1280.42,-4531.81
1566,300082,奥克股份,-1.25,0.82,16782.79,9305.18,-21016.95,7633.58
1567,600576,万家文化,0.89,5.76,3100.37,1888.07,2760.98,10876.51
1568,600107,美尔雅,0.25,0.37,1352.01,1273.21,343.89,474.31
1569,002095,生 意 宝,0.44,0.4,4099.78,3123.22,1810.1,1261.92
1570,300300,汉鼎宇佑,5.42,6.54,1452.41,584.62,7869.38,3823.68
1571,002492,恒基达鑫,0.74,1.12,4373.18,3974.77,3253.63,4437.08
1572,600361,华联综超,0.87,-2.23,6077.75,11700.76,5312.97,-26043.74
1573,002300,太阳电缆,1.67,2.87,10874.4,5417.97,18109.99,15533.08
1574,000939,凯迪生态,2.04,7.88,19087.93,4231.9,38857.92,33352.79
1575,600338,西藏珠峰,3.17,14.9,5050.75,4364.29,16003.88,65025.7
1576,600496,精工钢构,1.0,0.87,19220.06,12534.39,19159.06,10957.31
1577,300260,新莱应材,0.08,0.59,2456.6,2054.07,208.56,1219.02
1578,300279,和晶科技,1.63,7.97,1474.76,859.57,2402.9,6850.13
1579,002395,双象股份,0.55,1.07,4216.67,3328.05,2315.35,3555.09
1580,300329,海伦钢琴,1.22,2.05,2533.8,1625.98,3099.38,3328.48
1581,600190,锦州港,0.79,0.34,16302.66,16425.37,12906.58,5550.26
1582,600113,浙江东日,3.27,5.18,2827.64,1917.49,9246.01,9941.95
1583,300017,网宿科技,21.4,33.72,3885.14,3707.85,83134.81,125039.66
1584,600132,重庆啤酒,-0.36,1.11,18147.89,16363.29,-6567.84,18099.01
1585,300175,朗源股份,0.97,1.21,3676.57,2332.06,3556.54,2832.37
1586,300304,云意电气,2.29,23.1,3087.13,476.33,7067.65,11005.26
1587,002597,金禾实业,2.62,10.24,8187.94,5386.32,21444.98,55146.36
1588,002830,名雕股份,1.68,2.65,2867.18,1909.17,4808.69,5057.89
1589,002623,亚玛顿,0.68,2.85,7967.07,598.66,5456.35,1705.4
1590,002655,共达电声,1.25,0.37,1537.48,4886.01,1921.97,1800.81
1591,600104,XD上汽集,4.52,48.78,659193.3,65616.8,2979379.07,3200861.07
1592,002342,巨力索具,0.14,0.12,19141.12,17324.38,2712.86,2063.36
1593,000510,金路集团,2.48,-0.93,566.8,-6270.66,1405.81,5807.48
1594,000401,冀东水泥,-1.74,0.12,98386.79,44603.36,-171521.94,5288.55
1595,002301,齐心集团,0.27,1.78,7196.88,5883.65,1970.83,10489.14
1596,002552,宝鼎科技,0.06,-2.7,6763.97,6181.89,429.3,-16684.33
1597,000626,远大控股,7.44,129.89,4138.49,300.98,30808.15,39093.82
1598,002379,宏创控股,-3.68,0.47,3220.95,3034.09,-11838.55,1415.06
1599,600845,宝信软件,1.55,1.85,20174.8,18128.79,31238.22,33565.9
1600,000982,*ST 中绒,-22.43,-29.8,3898.22,3557.52,-87435.72,-106021.41
1601,000526,*ST紫学,-13.01,8.33,104.23,-1185.16,-1356.25,-9868.32
1602,601116,三江购物,0.55,1.11,12147.63,9144.64,6710.03,10111.08
1603,000004,国农科技,0.51,-3.53,246.88,-1112.24,124.71,3929.93
1604,000950,*ST建峰,-1.79,-2.44,20465.99,27274.67,-36722.49,-66446.5
1605,000629,*ST钒钛,1.42,13.18,-155100.74,-45444.53,-220736.2,-598782.02
1606,000155,*ST川化,-6.82,6.43,8283.68,13518.14,-56535.14,86858.33
1607,600806,*ST昆机,-0.91,-0.76,21584.8,27656.49,-19638.52,-20929.56
1608,600710,*ST常林,-7.54,3.83,6987.25,5400.8,-52703.05,20665.56
